0.1422
1.2803465335826112
1.4969082989926388
0.6651524017149363
1.851981821538668
1.215992663917671
1.009122276942655
0.8377153361724428
0.9384382778853808
0.7775403818279585
2.0005008130121698
0.8452615035054584
0.8499598723595094
0.4307541827678178
0.8184192349843983
2.7010683303925545
0.7194515766201588
0.6239357204746933
0.4973472641075449
0.5637604787204934
0.8892155536049586
1.2991204087900967
0.2987229917876225
0.5375854383387367
0.16090788989289687
0.6051271943180829
1.4471491466345767
0.5151742250179144
0.8590368893555012
0.24969939276808134
0.5302459451460166
1.6805435827992727
0.9259956677056602
1.5611227073100304
5.2570490162385335
1.4874557974243268
2.034688103828269
0.8701053647753734
0.6047481735672268
0.6981565854877037
0.6013387364408367
0.7046212153063101
0.22147727865648745
0.5434608134431768
1.1094036470075388
1.7647296978619653
0.4341071628881323
1.7649599889338912
0.942928996839518
0.46517168466242714
0.35024272279275287
1.043673570191854
0.8450268594280517
0.3012536464759587
0.5737070348475539
0.822795941569053
1.021669214460711
0.6871505792383338
0.8815588253944574
1.14426525338281
0.898763589957516
1.2023572376590075
1.1910710417680594
0.20341818903634146
0.6228573815974001
0.4242843955357411
1.1750137603001405
1.0877276806372416
0.49887950911991125
1.3221759887718973
0.9166001564776795
1.0866694769579666
1.2767696490174023
1.2884844525259027
0.5054108219531479
0.6106900672802037
0.6334648117727468
1.2031856125019467
0.42223514735367385
0.7282940918565812
0.1065241555741067
0.7809562756694636
0.8477040409544109
0.6526145912070758
0.8607166962184231
0.5668488067143576
0.617350185858757
0.6574249349690657
0.11652289051448779
0.6074471278243566
1.2778731295393055
0.8389249886049136
0.755490464342792
0.4777358333743858
0.1793247345262574
1.0515979057046416
0.7529339203014261
1.793938499566394
0.6528173980841627
1.245760164787754
1.2516900919014122
1.2082639778272284
1.1740724850055761
3.536138551955623
1.3707560901993052
1.5643936929119482
1.5210341198377457
1.6583227914068834
0.7522698527523164
0.33018384925295385
0.6244590302066727
0.7613215698087133
1.3333450678568117
0.9712634254490166
1.2326420283554058
0.4631047094545313
1.1377325582572544
0.786897632670282
1.5285322949830937
0.8271025942049941
0.40557602487920397
0.4557400061649252
0.5637539250918885
1.1440545561381057
0.8836403248292913
0.6353430906511007
1.3139077551711051
1.2686352736147508
0.42563904674287834
0.3074807646885398
0.30723965523248603
0.8707149167694719
1.1352981504935087
1.3627846823451522
1.1910394714969346
1.720507389196313
0.6450611219949867
1.2398811793230005
1.8500307298906469
0.7988921267579447
0.8887356653481518
0.3587857803836342
0.0729057001638725
1.434983603098468
1.355876085810529
1.5965243594887624
0.8987749774906183
1.4889310172725134
0.5757449319611133
0.48388920613306885
1.1266740856440856
0.6611334519660884
1.398113556555749
1.5185058715860276
2.1072171505138297
0.8040141053002569
2.0265343684473485
0.7688574143938417
0.9418411930095132
0.5396974083193896
1.0176714083297953
0.3185314749158406
0.6001841734802256
1.3799192615563525
1.2020531080283698
1.0165856751543498
0.8410882048151865
1.0760543314981714
0.6907662194338354
0.1474987319057534
1.035893586899698
1.165726379110908
1.9504053964686574
1.1109597358311258
1.6274235183581054
1.3725495568937895
0.6568162271266668
0.9175750914821371
0.7881242075707711
1.1356480874505959
0.8597176655856307
1.4910822733861329
0.5253751672535566
0.2831093089894546
0.23224923801158773
1.3668143983315626
1.544713611847383
0.4036904141292133
0.9694052948029181
1.0504881311754029
0.8648365118373115
0.8273685856002775
0.031188260345808853
1.4480249342440124
0.9411085560688464
1.014023415780454
1.4121359358827985
1.4216814210325397
0.7652763977172202
1.3543023390741322
2.1853732402245987
0.94585734508698
0.4980768833323189
0.8403449638079292
0.6660985568245779
0.8522376951522543
1.3710692715029638
1.3625307675304328
1.1970631839147619
1.3554397551408015
0.33153160254656255
1.0360148275339476
0.45761799526961816
0.8103764727329728
0.517058054738035
1.373303691534771
1.5304623324883402
0.37319929895032783
0.48836289951858775
0.3410321791866848
0.17714912592156762
1.7446301722101614
1.389441018606279
0.7716655261287855
1.4170561092806655
1.3101725050425335
2.6270135712187686
0.8033619110452643
0.5194054326044296
0.9293267042417147
0.1237953978564008
1.8068348305349902
0.6801629141663974
1.4761081665214972
0.8008288468303623
0.2853284736661251
1.9092976277888012
0.15366072162782562
1.2252563935412937
0.44435184100409436
0.27267301400372984
0.7727877150191307
1.8154242292293097
0.47078516268651976
1.4277100884966465
1.602168721571383
1.148954223431257
1.4911274710956766
0.5236554457477385
0.6980845496361519
1.4134073045930917
0.9864504077454794
1.026857335835342
1.4860682849400537
0.28196751488682764
0.7820168548305607
1.3382199589570325
1.4159977883382664
0.8183856130007072
0.3541878512243945
0.7084480119523942
1.14719740908402
0.7123717166537786
0.17563270300912948
1.2907231499590979
0.2641449326187733
0.9903301835496865
1.7098197973983413
0.17347862964807906
0.8974805559121446
0.28701802145192934
1.4236166718157792
0.29769467563979185
0.9589706863679524
1.0366473026063658
0.5022122075473848
2.112108950996212
0.1635598852698485
0.4912389889407208
1.5705432240987798
0.8863654244443658
0.835388899729524
0.7333524558360676
2.3682079880270304
0.45132198429872217
0.3184071498676196
0.8357897979858002
1.2362256283957875
0.39175224746889653
1.48081385634668
0.6958572505013886
0.8070902317158936
0.9610633902474285
1.2202035044249062
1.2947532197718432
0.6534216199375998
0.30342078953134943
0.8827899115950901
1.2172706886438018
1.4192881684076952
0.5007612144046754
0.21547430373498283
0.08961081931155807
1.7468645731401666
0.33130711802383644
0.2869447343784214
1.7951444343448457
0.6507865172739532
0.34700911573295257
0.6098045583710335
0.4479708717837553
0.9341084257625968
1.219103597308934
0.6905759533765657
0.5058557318342459
1.716081534163296
1.2975299192270602
1.2567569797912923
1.187842074241516
1.2313191538525925
0.44872828580409746
0.5031363535562753
0.4114221250996848
0.4567004992347905
1.3190301369061428
0.5860074041322523
0.6790242518893689
0.8773058932271083
0.6978526119277435
1.7416390815260843
2.2266804019599817
0.28028855537690756
0.8414237324267139
0.9709362184312792
0.31537849819638697
0.503433687353341
1.4506880161617874
0.6854300385931625
1.2011426752712668
1.2239019809194798
0.12781813861522098
0.7602355507089866
0.6111887187372993
1.1125572962733679
0.5164701183320959
0.773862474417945
0.737179675487425
0.211352670646207
0.6325508678699442
0.4797978152425918
1.12105832998867
0.09875165762111889
0.49045141661490066
0.8808609880449969
0.8570684572665993
0.6138538809202799
2.050541482526477
0.6701639189647606
1.1424131935213715
1.5133604113744974
1.4531209771310867
0.8412375009951475
0.2981347318990865
0.6200275931787462
1.422587271758663
0.3388354228389869
2.197020216268356
1.2829641659462694
1.7887974807801525
1.26236044898202
0.3593437886519021
0.803728458435134
1.2178935140692557
0.27407143513125237
1.3782587072995807
0.8940844344406819
1.8991026585051336
0.02736833449367985
0.9335150196698792
1.673865250719335
1.3974631991665203
2.039731785558817
1.2032194983331337
1.3925648025797093
1.2487569849800488
0.2959700137993504
1.2306388084216295
0.22953378482635786
1.5952102905037644
0.32148373694553056
2.3804239424740934
0.16399952225856618
0.22730866779254302
1.8990237702969432
0.7354354052427767
1.24860001496638
0.2855892733260789
0.3811625512828746
0.8684918446744647
1.5377157190470225
0.39367383092111363
0.5886312036324594
1.0239933824372092
0.4377490314063887
1.1787277413893509
0.7983515281910647
0.7830312297680901
0.6010126603314749
1.3530412259134654
0.8331475066238065
0.6506972258312667
1.178805898591682
0.7832677904493051
1.2894114119748905
1.1989853555862504
0.4237898357803666
0.5077210435082351
0.8584052936805844
1.1573555895925554
1.3274867688875367
1.2232787522531807
0.6691522421354067
0.6770102205832346
1.023242044986107
0.49373747850328176
1.1960995663942189
0.6367868576350265
0.7008081751251999
0.40981166359548754
1.7582746583735138
0.3729384812306998
0.5829552138121662
0.7419923040950291
0.722826377240538
0.5621618614421605
1.3021177849946726
1.5208747496484136
0.4246456156504654
1.216269744733524
1.5032059741411927
0.6669887101047057
1.004706300756049
1.194972570188965
1.6339617911725068
0.799232450059164
2.3727127929424903
1.2831039995811289
0.6876770680687282
1.332077352775437
0.6734216606741162
0.05857049045112431
0.3537280144137939
1.3098278050678545
0.36224230341969765
1.009057318674715
1.4351668973734522
0.47881643477789787
1.273589573185243
0.875478539573874
0.7333091939420472
0.9103083299190214
1.2360663966489005
0.7763941760669018
1.531605467974054
0.38088112480612996
1.395086124911621
0.26653256138748366
1.0271499476340544
0.48684918119305404
0.6372867845612474
1.3809703990823465
0.687119766841689
0.7829548240092826
0.6242768213232629
0.7848144005989842
0.5919779430014794
0.8492382167649029
1.482476277215347
0.7173196075330928
1.125517613134127
0.04382818247307197
0.5969375303324365
0.8941856482259433
0.6639949423239202
0.9678032293659413
0.4422777299773616
0.596544772439401
0.9338835751636849
2.079266292609847
0.7677508490898608
1.1035833207335233
2.3809126123711817
1.5396875251631505
1.915331197576733
0.5663447051974567
1.0011481463321161
1.4802740427733467
0.1525860063713364
0.5385619273038623
1.4812722688954345
0.8665010127449477
2.1061549684340117
0.7645706099989057
0.8041290539120856
1.1136601310697167
1.654618970905264
1.5462385353117718
0.6250608715696068
0.8224537598822769
1.53932622103442
0.8553232480472547
1.0011338985594789
0.6085196026219715
0.5950339926850117
1.2167374178049168
2.0528336580705977
0.6376187568536316
0.9081261660464219
0.7622880005262628
0.37741373453861626
0.13946722766909597
0.7408848638480701
0.49627821275811834
0.9027693490782995
0.302802484311457
0.3524228742738065
0.843299386609695
0.6081715172345682
1.225782716049623
1.6595132571945208
1.381737913433573
0.831429145504304
0.5719550236815397
0.26815883017046366
0.7761293972196243
0.4134636153003841
0.45411189203802815
0.6616179709836814
1.2020702876722724
0.426975572060514
0.6776261745905547
0.5794843759472514
2.0815951108777484
0.22726874476654227
1.0913453581531263
1.898720717287604
0.47972023094521005
0.14296079877395998
0.9157519845050068
0.650706610527729
1.252386014333039
1.5399670011930489
0.37468613170616283
0.5497005417408264
0.6742260810215339
1.2175393671225228
0.7247448742805107
1.0351378803744002
0.6575294826872372
0.8541680966212813
1.1527948842336182
0.8922412608703714
0.40665020085978454
1.1981361254482792
0.32498642754122165
1.1626217765680522
1.1349279804336474
1.1137040175223938
0.8023152798675997
0.4301031096394933
0.5086049562546714
1.2620909109853216
0.709107678021238
0.1230739810837075
0.8670658315821095
1.2290390548736028
1.0944850213132546
0.35359430506995143
0.9287493714739545
0.7138598364434963
0.23970854568523042
0.6950617329895574
0.8212219046242919
1.5133577165092877
1.7432792748295889
0.42359896383803197
1.0208607273700938
0.7605908772517347
0.9494240859470494
1.3905399552092137
1.5061194178911579
0.573868445489683
1.3155093860666232
0.8716420328077582
0.8845718163625725
1.3021514506804928
1.1301460990456527
0.8131421187831573
1.7039653078959776
0.7037225785179281
0.6711738929225405
0.8856648004833586
1.1169865888249477
0.22756630809764594
1.4996769309619187
1.2283908487470427
1.26573107654457
0.7071468010680528
0.5729469068752534
0.7111599913559747
1.2260256092905508
1.3697476527159338
1.0199980421101797
1.348110780842991
1.2288861481993683
0.9161635985045461
2.93382685529687
0.47847296349780266
0.8325832329483865
1.037063366217721
0.6504457714132602
1.2508058102864197
0.6951631419632072
0.3843305631144042
0.5511993071683929
0.5325916835424642
1.3714294962854876
0.8520619417172981
1.191261949308385
0.582878456060466
1.5608431759069508
1.1711589481315376
0.8919159423739883
0.6074516159708896
0.8848202765803006
0.7518745224636423
0.4295819790997869
0.41387676687658725
1.3925743220625788
1.8250860344444009
1.3766168754305832
0.2733215992806377
1.42560028095013
0.035986180620733006
0.8261231741269595
1.0540747501147505
0.4834975530196662
0.2945275760139896
1.8160115582723422
0.2648611514706572
2.3784267666740164
0.6064252833686791
0.6018571225576769
0.8053200983639328
1.8078405070297507
0.9895458135635787
1.056685959394569
0.9196733766733304
1.1220542049417435
0.5330401670585964
0.751086754917664
0.7641449928869948
0.8318624013229045
1.3084005060009691
1.0018949249112654
1.3981401343939175
1.7274183134222572
0.7588674365434771
0.7160502161132339
0.5095900751470193
1.0030437476477747
0.5493081737518503
2.136330327841357
0.7452559342422592
1.5551872632223829
0.31882185422784454
1.8937851732081563
1.1972230467705989
1.830416671995763
1.9781743283383215
0.2930241282672228
0.8054354665109396
1.409244069389887
0.44364599971788393
0.7648384127714601
0.9960626597157031
1.064699858291548
1.1858543509352086
0.8306068608431039
0.9553075361184924
1.3223758388013638
1.4220859431011996
1.166188283765371
0.7923914716725997
0.39590595654364663
0.6268030047456674
1.3282126127073675
0.7249807126697093
2.5377973944144845
1.7116584722513826
0.7048181883144281
1.1281342023990306
1.041057067657127
1.2520914113588182
0.5048586081685392
1.4962238019278549
0.48579110581888585
0.30775943415120016
1.9486479663079064
1.2147746331238194
1.5206524064201352
0.48321427550040447
0.5956771146700041
0.9952269014611597
1.411751269675351
1.4930428966652602
1.3044360223539286
0.47548601486588454
0.8567092236846562
1.5632409393751385
0.9907178120022057
1.3743004183872478
1.665326787605639
0.34982829020615885
1.1778335286639192
1.1361808135517883
2.0570611294446466
1.37499076669264
0.5339222956825221
0.976777116591428
2.280319306545829
0.4173646210755383
0.42138521256225225
1.0099593601996848
0.8989914639423272
1.1396108508813843
0.7376624802117014
0.5889364039489174
0.9678846085210868
1.1798249919656996
0.5552699095981719
1.628171737555883
0.28971180017186543
0.8006162902279665
0.4855112736921809
1.2365468726139803
0.40431690605473475
1.77666323218357
1.4295538910441776
0.625588551029052
1.20038915480209
0.4584746813359646
0.5974067992568598
0.19399434244871372
0.4023445957222154
1.9007834234719272
1.5637135155842528
0.5631157502628222
1.266924466544417
1.61581341337668
1.8831480513113377
0.6315358527208258
0.9365655304089051
0.15389979161750283
0.7056626688427946
1.9083765415318774
0.44894980586132527
0.8994248690889303
1.5232078447200543
0.8546350775885249
1.6897825387464902
1.1085947685222655
0.6052864975715543
0.8184455584068338
0.4874949333020566
1.6210513451609925
0.6390397232769157
1.2458546984686105
0.5158030865125378
1.693588976092927
0.17430530953066892
0.268044520419207
1.2442918795024616
1.6898721367188847
0.23487578058622544
0.43558453038093603
0.33187016989416857
0.987421280522985
1.0784379599642084
1.3692856882958433
0.8826289768323801
0.4220918633941753
1.4887838860946259
0.19520139272386042
0.35174386398968555
1.319054749321614
0.23505783373673336
1.1831705098465157
0.2979982675754337
0.8453807412554057
0.7615545248407601
0.8006921617676029
1.018844062976899
0.8074428494083362
1.0869964965972199
0.6328406183926204
0.43579336522843215
1.2026982689002854
1.0518040219612512
0.8001679390137756
0.5508018985997603
0.9307669923458641
1.3156297523508176
1.0341152201009218
0.7102053324381178
1.0324223925028857
0.8649773644158366
0.7731314793523902
1.5748981681788778
0.8716735206293404
0.7878159625737887
0.860308955184016
1.5905287938509067
0.9498223447541352
0.7760270098069728
0.4746009288099556
0.3316319218310234
0.7369833800553598
1.3831658380019984
0.9877990783199617
0.6040818336910577
0.5890260156958746
0.36820374098931524
1.3810559498873
0.7831166912198152
0.4534916406428223
0.48496855118850657
0.8337456333931937
1.2970439998897363
1.1442206189733715
0.49078775083476667
0.8847850246125176
0.8321281084474152
2.029387766267397
0.732125246392425
0.2817864694578509
0.6716833243017574
1.6391228580502415
0.7571725048721802
1.1965825332952618
1.9914362819134175
0.7822168704380567
0.9868830900851232
2.244409045304541
1.002676580705144
0.6499363264268434
1.2002674598806955
0.38057539709232935
0.8574000825949648
0.6498209874102939
0.8421709501424803
0.5055433140687967
0.318451634351789
0.4615371883276006
0.7939663788527562
0.3364499570190313
0.6209371677081761
0.619269651844365
0.2607673534483898
1.0415944396113725
1.421177368628468
0.44808422345775817
0.9647168539759309
1.8353697566966471
1.5400959177708418
0.7785506336103243
0.7675334049427486
0.496327894877114
0.18026506348931556
1.026930184607313
1.2819842848512102
1.0904882919119712
1.3761662780711958
1.260666842117709
1.1763911349023275
0.8945553830243557
0.36969171412614205
1.6313151980589649
0.5103543780025113
0.4940262733383018
1.1746363690138408
1.5523850900745098
1.7332377016356562
0.547373232795046
0.5035580159841875
0.547482055443947
0.8054258179455036
1.2071562204349073
0.550675593820261
0.5661420350128722
1.2304498564957387
0.48815874801632647
0.8547592421655135
1.0323047739158935
1.0039759603431997
0.4694271193027151
0.6013297265334274
1.1027575283777857
1.8202133483988128
1.1359816075184417
0.5762599768253858
1.9177798908707788
0.5385142363962754
0.08156685622917281
1.002407937427017
0.9515076729257274
0.06612071705092792
0.3879989361753382
0.6447114047687407
1.8289196474358747
0.03364577666554683
0.8180812697144461
2.2133741981383412
0.9172651910745249
0.2792825175567669
0.07123804679267394
0.9292816906398832
0.994358554040604
0.27945333028653835
1.059604663157313
1.3373264244598884
1.2934461238878818
0.8835687588368172
0.4350055237461499
0.5961214183208053
0.4872592836712278
0.11916286727678635
0.16950241633015584
1.6443455486761833
0.7379837852659845
0.6598668605894094
0.7279753609424439
0.9181937185748488
1.5365697295532825
0.9487304762387714
0.0841884447751362
1.4585989932513788
1.5697853373709025
1.1555228718912551
1.1914164341634579
0.4405430915692523
1.024584435414748
1.7608963636211203
1.1318922628937518
0.96207190481679
0.8751762572863913
1.091572350587132
0.8634467688222179
1.22438570751102
1.3223790713273245
1.0070435589672841
0.15353606948083873
0.4874627558136158
1.2661926176546328
1.744985457274061
1.148279280199177
0.6039479585584554
1.1259031366695407
0.259460024930659
0.7643805224072113
1.0861232395708351
0.3622026771694247
1.2186810895482398
0.30540028994146123
0.20225215212380238
0.9108034829218036
0.23613541867061305
0.6653708308779732
0.8967903201821182
1.1293232988108284
0.5363869425629917
1.3319210605847396
1.3643000170677753
0.8927588177108412
1.0237672050859465
0.6965760880601488
0.5027579435523337
0.7055118708710275
2.1597170524575255
1.9680850409816864
0.4343899906818718
1.0186665854773862
1.9081971197167895
0.49390868578598457
1.9402077766520653
0.5948505965962739
0.2686774835790786
1.11046043076078
1.3030496111044412
0.4970701298974351
1.2091233309461666
0.6328137293500397
1.1206258117801222
1.9164188392318469
1.7674759595616218
0.14162027546362027
1.5600371975807155
0.5939118759131509
1.3091974938678097
1.3245430432366978
0.7640199442679249
1.2758735721717065
0.18658315067282358
0.6664740243873385
1.0335623102976788
0.5258901830852624
0.4888112361069777
0.5147913230799803
1.012704721888193
0.5996136772984921
0.08511591447076762
1.0018981211234315
0.3696092288661902
1.850792598554312
0.31759014256062573
1.474810658884735
0.9604853445945741
0.8102358472178615
1.7341698134830201
1.5457276038782153
0.3664217852928916
0.6823918145540734
1.2871004669817963
1.8419103386174263
1.0712012137154294
1.1162844810098018
1.2677016893274127
0.43902133412746025
0.4161349396410472
1.4606889098099334
0.27220914825162534
0.681725519951707
0.45227849209486776
0.7378828689504656
0.8655614222627733
0.2076208031424821
2.575716909896936
0.32011127981912874
1.056692190875353
0.8982464139662704
0.9299948032515135
0.9983779493139854
1.0156369836450583
0.3845333976368169
0.9259452334261423
0.6482637267597459
0.9782353785026273
0.5839916340344435
1.3807480739528488
1.7188673235417458
0.5191851341579695
0.6755148720907305
2.141458042149466
0.23175147692815737
0.810163422528672
0.9893887330408582
1.0438958212145648
0.5019860869250458
0.446924079553084
1.3711039794145998
0.5736590648788439
1.3096704965096109
0.9990928004532229
1.6030095653339826
0.28440441840571073
0.7399049883393143
1.4794701074734868
0.7385098335741842
0.8606029152832846
1.0269818813035119
0.8794475371520721
1.8476511983448856
1.183401466716296
1.639774738410505
0.46052629599499206
0.99524116470512
1.4193514975941814
1.2833996859781884
0.5852891169933875
0.9757381027880172
0.7928294853258001
0.7791890230645583
0.43637909296574745
1.6451649844723908
1.72579927337857
0.4716478370113143
0.5501652838804927
0.8831276292463368
0.752255302643261
1.4886059055331478
0.9949948191428323
0.6223383283851964
0.2530887691650583
0.6972697354196482
1.1658760215061965
0.5885134031430777
0.405704269423837
0.8040337096154067
0.8484013436096348
0.2940217643312774
1.927359896654569
1.714237961784593
1.2969280163329762
0.40683733246766374
0.5072562096197566
1.0670962213496218
0.2541343402399688
1.201495188913449
0.984111230665787
1.8656793565552938
0.9811092882406521
0.10057383666187333
0.47674739086854945
1.167458768837131
0.8851714609887331
0.5410315942086998
0.45234181184291566
0.5038748180860289
0.6786375252588731
0.346583792408001
0.7301071559316894
1.815297162160551
0.526763674157735
0.42665670261389255
0.7478597770064732
0.06571197180616115
0.5706475929573689
0.12488040125463949
1.0127284109425496
1.400438090116323
0.36051324341938273
0.6708991831794618
1.1363995538237959
1.2221215760274515
0.6317494238335754
1.0521799533227507
0.9740277298203468
1.4750618979235133
0.34921527985737516
0.5203368211020215
1.4858508885780877
0.6709143929749304
1.6971660760618104
0.5599895797534253
0.2930532309435738
1.3734510283371175
1.0895411669044681
0.3294455855075055
0.5373857836804388
0.5328544400840077
0.5445358689643389
1.471970009952462
2.104075481572663
0.1657244031838634
0.631326810979867
1.5345501247707667
1.0496307786653942
0.4989536850873234
1.264440606576578
1.0306435482609724
0.3674703084017734
1.204660190562731
1.2674974934033312
0.7530556025552978
1.3850517927262345
0.35466064310146184
1.3717983915016874
1.585533092978698
1.5734240646817648
0.870899631727315
0.28153775545861887
0.26110095961592145
0.23021094233482006
0.5281536436591355
1.2587845835313194
0.49636493855392694
0.16542576352706806
1.1560286925736643
0.24943458459855553
0.8306030769365029
1.5658390798508977
0.8345954013543552
1.3799828929015234
1.6497108776090934
1.0300008266817884
1.843927958305627
0.7016878199716203
1.1607538615055937
1.595298200119235
1.339803369091488
1.413637977826413
0.9203732111991052
0.5650728638475273
1.2025270187895007
0.5021018956779897
2.796437432696904
0.6316430241472134
1.0937979755463942
1.7572457711140532
0.9726903893236278
0.4407297988784437
0.552175026637202
0.8222541243151773
0.7859520328566475
0.968896329533581
1.2249623741140108
0.4960286998212779
0.4884857673896758
0.5357071877294801
1.7543388516472431
1.5106206394041233
3.287958879928383
1.4972289357580002
1.466254612354352
0.5000679498345939
1.071582342144728
0.7168086690915678
0.5204095208653514
0.5246193774648655
1.036395107321843
0.707437492176798
0.28783084100732603
1.4492385703672006
1.0102707544298435
0.7974634331794119
0.9383440275150211
0.7290521243046623
0.5057253331997473
1.2579730888217862
0.9548894319012551
0.38843461832169734
0.6603782668965889
0.472301457868933
1.3224918741509737
1.319822529722464
0.7539238598226471
0.8337771478081651
1.0004333340266212
2.017480269105189
0.4612332857747533
1.41841851539402
0.2675432894019833
1.1798577180825818
1.7879512617477549
1.2155794447859538
0.8672529509385679
0.10918570760363025
0.28466153816924145
1.1813207389802642
0.9897105861885
0.801601635456316
1.0937552273988278
0.6933025041761071
1.622617049725995
0.27276660923637946
0.895679042319856
0.38217076363288655
1.1417650545882743
0.8258167783815612
0.44451071581998386
0.24550597097392926
0.48740118534240257
1.1386755578579701
1.2958207003388444
0.19874542658792907
1.9233024628439868
0.5347759828822275
0.7118212130117876
0.794909131760799
0.5790627202207608
1.091430023927918
0.1139194026554624
0.43862899492583957
0.11580753713547061
0.8220664145865056
0.8752723958278587
0.08146861322741851
1.0148825732264861
1.3535787755972766
0.6017507860010746
2.0342202139667327
0.5060978568707919
1.3026484113225758
0.24092622534696453
2.100084367055942
0.5021547747007697
1.179531380093109
1.1362234035364527
0.92489609626059
0.9241672122563147
1.5696601953258367
0.5949303894291055
0.6701051029169967
0.8541372760626481
0.7274455723466011
0.14024775668308614
0.9861768874476119
0.6364328778564995
0.3098241284755688
0.5112242856766203
0.6841675065142627
0.5217572791910228
0.06606753269052647
1.113715744472042
1.7024958390235538
0.26086384804782475
1.3317117698755936
0.5182613754340195
0.635635635627241
1.294453229860904
0.48952096831726244
0.23985585928374012
0.8368143198791148
0.862256678757122
0.7931320539861946
1.151462131377854
1.0346111542654333
0.7122887531889085
0.38605100945981835
0.6913617393084376
0.9065517723443476
0.8987403568117436
0.8326117126230045
0.9021936977649048
0.12802259928025286
0.709082642268658
0.752220520933695
0.427597028564401
0.46150776154854184
2.0795412701217484
0.713925318978932
0.447839772928178
0.23480230842723374
0.8440015307527523
0.37772813255245447
0.3729941212836483
0.32544964550359556
0.3200760648614318
0.2842991961739143
1.0523269478292312
1.847560055773252
1.2125856154670414
1.3964053198798267
0.8089521485142787
0.5170150253475702
0.6421884206176317
1.630255617718392
0.47511897752392773
1.1561019810376012
0.2851589309060488
2.2851735464055283
0.46739408648166886
1.3651737376126611
0.5169352926493753
0.6822182590714222
0.7317830131188132
0.9025432259786176
0.3149670805792851
0.16145755750421492
0.8384929054972899
1.4285652785347498
1.0504818643641947
2.333999077857134
0.9023112827758251
1.4052668270114241
0.7198904860365744
0.8746405911683011
0.3007245642373553
0.9407762171428107
0.331955271623175
0.5308112087825809
1.2731482125164555
1.6639275947285725
0.6506862485819949
1.291122813161473
1.1344017956665895
1.261402987019016
0.5493511305712926
0.416019499437415
1.064258626771123
0.8115394365458425
1.172059814061725
1.7971734173466372
1.2674778230047907
1.5240663071840754
1.1505017375825102
1.2522535949333524
0.6772439466296909
0.710035609441961
1.2466633560975402
1.192367594266471
0.9275950274566466
0.37628614145801137
1.6780046128940893
1.6573515304402124
0.5042252444921039
0.5202952589889126
1.8926001944898636
0.44515706543583394
0.8706319787694374
1.3905140631348962
0.24225432099086927
1.739040068267404
1.0721367215703743
0.8560277175696138
1.1705892473377035
0.77845070170768
0.9488681938458784
1.185533810347393
0.6321331137092185
0.8849473903287033
0.7222099008535512
1.3530668541282425
1.4670376407781218
0.8959540317586989
1.1702219057191356
0.28456440342152406
1.0927711590160232
0.6792793018946182
1.228962251486206
0.45528876202023366
2.42996144387709
0.5519032627320523
0.4684610844212452
0.31366600331323724
0.7654006153056451
1.8187226488496222
1.8206958452790711
1.1934313931279952
0.4347399791954253
0.5541497804779125
0.4241651552506448
1.7901371974519498
1.8200645534689515
1.651567777956868
2.764417730012107
1.47461884500282
0.1745947660906453
2.1408635836228527
0.36395799718708244
0.3490369709267568
0.8277376496360705
0.6561207966965558
0.5091574000653284
0.6290738730927098
1.0253712457693183
0.4861483953358504
0.23773739409193978
1.9736306956488185
1.0249890352552096
0.9674347525808248
1.4427951281279605
0.46917405747476937
0.1696948837454031
0.9313211403505895
1.475367908855453
1.0907435121334506
0.8166780600726674
0.8206134853088963
1.1327554538481714
1.1198901378859294
0.3216707230506407
1.2520421091741698
0.08731779084710968
1.061857911371017
1.2820709206711356
1.609358196951014
0.4902253481790179
0.4918143756891746
0.4739280341291319
0.39196965401448075
1.7954964482127824
1.1283083897630573
0.8089727461249754
0.5849833313199182
1.1543850027601232
1.0298698130096298
0.7096327282299487
1.566077964826775
0.34900022380612156
1.1135582571826994
0.30910975880652986
0.34287656287971874
0.19928370311345797
1.3134340890443967
0.8855735337824568
1.1545968869211645
0.478746875021409
1.0307405557998224
0.6984344428351434
0.657621279318396
0.25843740054833053
0.4651026446335674
0.8785184011474065
0.5640241624078423
1.888089680975294
1.0920149971914228
0.33898469592231056
0.7055427138166033
0.7053767101552443
0.9470968023166325
0.7400191120911321
0.8917615905800653
1.3584876905916217
0.28343503438189327
1.529075341188471
1.286307138242218
0.4335652812258929
1.2616581703206071
0.36220936562851813
1.430975869440912
0.7032737554610647
0.8370952530576073
0.5182812817247485
1.3588129132887556
0.6015690978663218
1.3032237707449854
0.47613270323688667
1.2309691142084012
0.4003454642809725
1.491514030818074
1.5084286758915437
1.8158852200607356
0.23060409096026224
0.8385182185233393
0.7550671096897235
0.20174520949281244
1.1856215205982936
0.5542776728112273
1.0275195617678627
1.267013256269921
0.7714118946979723
1.7974643246994788
1.6561990297517515
0.7692887565901846
0.6718900293152585
0.1441095276381413
1.1429983026204316
0.5560982836675216
0.9499141190944588
0.45812005671764383
0.46243738966910763
0.8982582868620723
1.2099314650089983
2.621639351188106
0.2718114870618643
0.43962591867026013
0.7854952291420606
1.007770230041054
0.9056050839246255
0.4906887656959133
0.7809511533086634
1.7051019155460985
0.9176884528777177
0.7831811340293217
1.0729662640439126
0.7865919410844563
1.124007367916638
1.9650305307641234
0.7324218810914018
0.8384753796023509
0.6904716093021197
1.4015821456118918
1.6668133990053533
1.356909637022269
0.8157097371708022
1.9893160940253416
1.4838105456818331
0.8705964260443981
0.4516904751698765
0.629548575334333
0.2768607775963578
0.9844342778821935
0.8299578450864167
0.956837268258887
0.8686235049734402
1.628307019428872
0.8146578179497268
1.2840557493242433
1.31312053684197
1.56446493383189
0.16357221613567524
1.1162760844900796
0.7003733260279414
1.4746258910652714
0.9250538524383123
1.4633625002051431
1.2181327434494937
0.4778469787922579
1.640397063258506
0.6904401557026791
0.9643996475277604
0.6907405665130875
0.3136535448931076
0.5010072408471861
1.0089078751199938
0.4683177775382611
1.0617707218356325
0.8355540849859201
0.8084136704346551
0.9199317459317435
0.5981183640676081
0.23424282316989353
1.8745088215442627
0.6276082290897756
0.33151996179529447
1.083329116220825
0.7150649604306478
0.7745104519985113
0.9715038494026836
0.7378573385451813
0.6205365215209864
1.2053134035204363
0.9872116838924718
0.9123881063089246
2.0624382868402065
0.7729167554708347
2.15913303494053
1.059797231285695
0.42249136453924485
0.8738060275723117
0.5069740912824664
1.0514720713889494
0.8766843441641639
0.8553474501861791
0.8464378222411699
1.1923287068878647
0.457869896434801
1.038220804196349
1.3574877321486927
1.329858065315925
0.7662129153501008
0.5755792391509713
2.0531429150345044
0.4617603051620117
1.320764440991394
0.7174359735543494
0.36648695538292353
0.7557936524213207
1.62582020892519
0.8056202431098135
1.3147866972995086
0.5997996675189351
0.9746205850346582
0.8575186942825253
1.3309776260703334
0.7051656105713524
0.6232421445788587
1.5404194673318794
2.022862551783543
0.41970747119484514
1.1595320136776093
0.3980135562323234
0.03756047133300253
1.5146477144992663
0.934447169710171
0.6865614717905738
0.7846294890823559
1.3812003039703125
0.9398159104517482
0.4430867943391734
0.2497546389352631
1.444641834817703
2.053005151692213
0.32746728317015394
0.5202001941491814
0.24020563453506374
0.7984272394934726
0.9472048728145139
0.2689668625205401
0.4993177081988633
0.7353190036820872
1.8112950193388029
1.2401568263267742
0.9039419975086521
0.818259675249588
1.4348276302704523
0.57507188876724
0.22491364952737677
1.2549398817636794
0.8119162660995363
0.6309090324233565
0.32700417449543145
1.4340623376576636
1.0271453778932613
0.4407805902617782
1.1409223527602101
0.6490355185036876
0.4659607695248212
1.4403800501197324
1.1787737760139076
0.4345073413655776
0.81723094100344
1.4379749966660489
0.556157710526247
1.2176398205418657
0.8598513851066297
0.5368263869833402
0.9213086983279957
2.0298793565668105
0.9753557812317126
0.7248748881570559
1.8574869555332145
0.5879657581849903
0.25838672901157733
0.9488691101517954
0.9147667813423167
0.47746428649504763
0.8477379941179396
0.1238851803178008
0.7915033320617838
0.9689856727843451
1.9546808075434017
0.6334266572282766
0.6347472466029248
0.47957426311602325
1.4260107881836204
0.5866047583977773
1.0369775205592575
0.5540486964114278
0.3938572450657001
0.6173627452620726
1.3584538173666654
1.6082682909259205
2.1777646836553375
0.42763065693183566
1.0441465448483562
1.229335194567344
0.8107477939383912
1.1533928340228896
1.5877717101527196
1.5624858306917564
1.6682148482086923
1.4481427270506757
0.8319369659328464
0.36483938626808143
1.4274888245878232
1.292838014616327
0.880548800388395
1.2297095023052547
0.9887648458734659
0.3799612597916982
0.47071949376000644
0.13713153942370102
1.9383184124663477
1.0362480345159442
1.0601425808847376
0.742488860356358
0.1750031940693823
0.34070172369768914
0.8300332033315072
1.7812760758010362
0.41818537425211644
1.5236069881540897
1.3523836455843248
1.0557451257778006
1.4178328550896608
0.720775410787267
1.5335964037659913
1.1779988128525043
0.6177681964000212
1.7298334149142196
1.4829141078579977
1.2327644393738935
1.313778872574299
1.3049765205930055
0.5958297354068413
0.8067641071577135
0.7848426143009427
0.35927416661093986
0.8098494185903188
0.6383250359313596
0.7486820022076168
1.4144957409931376
1.2040846161918644
0.5951749065545316
1.6157799896082947
0.5226538113033787
1.2404846497057034
0.7324994398592921
1.7102032292344684
0.6488734423836799
0.7158359102026954
1.0996703082731083
0.6418565252909814
0.541665231912074
1.6312389703822012
1.0464072379199025
1.334963836398723
0.390494481363842
1.2837056965794502
0.1108575272750958
1.3850003660163823
1.1571945427147001
0.4920717309833809
1.1140646677041746
0.8545767009443603
0.9953532109821774
1.175751674647658
0.4991510368423965
0.48230775755678973
0.6011472622558709
0.7815327684700065
1.0243787821683503
1.0276291150125534
0.6014405280971501
1.8290478602939366
1.2739563655497843
1.0195104422503094
1.1861379501560672
1.0007927635891414
0.05949355634917286
1.0274571246789415
0.5294488695114049
0.16879458852708792
0.7300206600218675
0.868319353887278
0.37642267475180113
1.7521425283209986
0.8714934518848328
0.41844695698578954
1.1311846665618437
0.6253187283295658
1.4082337145464914
0.9648692695216214
2.205194398622997
1.1280264430565443
0.5916832391814794
0.8888701335326649
1.689161401801848
1.2512404827362094
1.3033771762915602
0.40511586328974153
1.4938549768749483
1.1123414780556076
1.2008782579580872
0.28693286984141164
1.4857116509680057
0.8012998477013076
0.44670327716704883
1.739641129646661
0.9568766373936415
0.6308642936697054
1.0227713769544469
0.7939049597014788
0.7147326939132399
0.8780487961508773
0.659345447587607
0.8587465157466119
0.41819553601981624
0.8849109622339673
1.173575805512535
0.5691412157167133
1.2929822768995527
0.41902933700404404
0.6842542197599101
1.0613617810288078
0.5588340406633725
0.32626601343599565
0.7808154330987115
1.0966550140847435
0.9918264891719084
0.9516653472460614
0.9052788780950197
1.3315776686469507
0.838228858319366
1.2452118611393133
0.8590440827488498
1.1020512115570633
0.5760280081645962
1.5609771572552082
0.060285158888090065
0.9135823695395926
1.0038934493605962
0.4576092090062357
0.9228044704262397
1.0001986641101646
0.33629755867732114
1.0898113300617176
0.06293118875105518
1.931807948858133
1.2146181860602363
0.5187620144804106
0.2084988003437285
0.39813486270910936
1.02844916183201
0.5734204135896831
0.524717577957454
0.9148517907203486
0.8642822010099684
0.44290105693246046
0.9500302429036868
0.7994928012470751
1.400354944718253
0.5630943753523574
1.240331551664101
1.9245887574693528
0.5184487535117397
0.704246354209771
2.2630961038784774
0.48490004982953916
0.6574552620841897
0.781603754031508
1.8253931846166878
0.3095077445794621
1.0465411648587322
1.893939976428431
2.2350619817035247
1.0412802308936047
2.0249609829093287
0.09763689929246576
0.9766386936727082
0.8027097436800431
1.7754653982247128
0.9202056284443394
0.565480499510248
0.7916450433751094
1.6746953841728471
1.030527949628249
0.7018027551962255
1.1331948851448328
2.0793305318898088
1.2280529119353896
0.712197759229729
3.078619001993323
1.1954733119405612
0.31160578890171275
1.5954768785002638
0.15198983823299467
1.569749452185363
2.6335531614787775
1.5996301694294692
1.1976111560202065
1.4048109527464623
0.36335697596959815
0.6861513473081816
0.47826719699982123
0.3557308674376509
1.2701613737683697
0.5007331302898078
0.4881658425998524
0.42079609706832
0.7060389058705804
1.0348411724140107
0.8988245882520649
0.7818511221995735
1.9780784518130805
1.6770165119219238
1.3007936979543746
1.2600912992586994
1.0128686782332499
0.9079862981210676
0.5315245095270335
1.2369685644475434
0.08854400132067097
0.7672535188810292
1.3481712003154693
0.9876201569596841
0.5236055762657829
1.2200159218291569
0.7196592104275977
0.5780199316182288
0.8708755823894142
0.3770587461327524
0.7651836964674049
0.7992816682995587
0.6784772070056401
1.2188011634381821
1.227095474827325
0.8158898347062693
0.31593322732075735
2.120514256261567
0.7243157283690705
0.653344988541996
0.4924214086297822
0.8783704003526095
0.42804916101298623
0.5030544135051532
1.5867543337310022
0.5697632552822421
0.7893235008861661
0.8298472219612197
1.2542149864611132
0.5927063239352943
1.1429622348277229
0.7170788100659689
0.5836707919040359
0.3949019720377698
1.114689829372622
0.5895274663581248
0.7062015274520059
0.6390851884016028
1.0669240535662194
0.3081718347985318
0.9956317199092465
1.2535538283957335
0.9925183888485412
0.8798340388480292
1.2069218539388686
0.4885433242228327
1.2008012054730646
0.6603749592226119
1.6597972740045268
0.6817804014810616
1.2440948402482144
1.878229294276784
0.34692286255830285
0.771278810183871
0.2591875427403931
0.326860414470305
0.36582388679107747
0.31705457427004496
0.31460613103408264
0.6816844318286142
0.8944358441728452
1.5018580755199402
0.8045635071303723
1.2208486723494822
0.3946075698030925
0.07184102945244765
1.1501643732128892
0.5365570281011164
1.270710065574828
0.8880900977657475
0.10124315849234114
1.4364836618900692
0.4722633019038203
0.9386866241861536
0.3929533780503153
0.44943182194701753
0.4394426763474503
1.4752814903371572
0.734509992752149
0.36516744782474136
1.8471199844857111
0.8288645026920264
0.5015550767928628
1.4608246262982347
1.387541318739849
0.5781743533595629
1.5600883335227849
0.3959247229736561
0.9204372360085372
1.1028272989374603
2.26048177759488
0.6046919936191305
1.3933390330579323
0.5907932330030011
0.7585635980489637
1.4391037035053535
0.4192210326162695
0.2607669077534579
0.4416881188108986
0.8199426426389073
1.0539576116001814
1.2012783901266169
0.3798316395559012
1.0481585486977236
0.5228811161453015
0.23580838948515181
0.280314567400982
0.7829811644001704
1.974470192905227
0.21474498259961325
0.9539577205516586
0.26116479484333466
0.6252268137715798
1.199188889719506
0.8735548532400658
0.12931997149785712
0.3456435957398839
0.7736644379838951
0.7770611091397017
1.5531631413745326
1.6198733919783277
1.5089142739609187
0.8562116722376916
0.613847710931044
0.7192214581206022
1.7865160760720442
2.2044374663327977
0.45391445924543433
1.0066740782232582
0.8273593663867969
1.7181026574584035
1.5463512704389437
0.9550786377657916
0.5050218915352647
0.5677147483020689
0.3348658085129111
0.23065384662257954
0.5881506948761721
1.0851116854555503
1.549798751540679
0.5856332649232063
0.38252368157853844
1.6855613344959923
1.3524726017163702
0.429482351979982
1.9331887580293787
0.518940662707729
1.5415293258937135
1.0077676252183911
0.5848896450124301
1.1575381211290765
2.317094804520025
1.2612465390964556
0.4167256966515469
1.317044982365401
0.8381772263034087
0.4961389027780164
1.0165746912731253
0.2838891295020769
0.8803159618276009
0.4003186010571016
1.2521895058239643
0.5493681786101826
0.6329298917807045
1.9015184122879496
0.6888705920092164
1.1313111947680623
1.5796493056793572
2.6240255395157708
0.2916996528245325
1.3552341646271568
0.4719996914408309
0.9023848445347229
1.2837243359418684
1.6006596676495854
1.4543241809787628
0.3968107340121612
0.7809093964428803
0.5303394227548193
1.2622408344623743
0.9278198826150349
2.1924387472924867
1.0128376646816197
1.8197538297322733
0.7597053254151755
1.2886792623741423
0.8847047996261036
0.7510563557653719
1.3516808509660934
0.5751371475006493
0.7136482327607386
0.7490908364465169
1.2800603032099689
1.086658637219769
1.2991817539392094
1.4308459558852429
1.3571086303802367
1.3739836522490265
0.3586809564786855
0.37867737086052894
0.6218480808710767
0.5780083711149585
0.31804984089760163
1.0917899085846245
1.3264351110338204
1.4604295415374018
0.38503108186844365
0.5114833519556973
1.3824697789072384
1.3693144947925349
1.4476614576886324
0.8593111125031822
1.0576756870253468
0.7576668312909943
0.5342755960883777
1.3116975625760323
0.6908332184579925
0.37013129408873124
1.024474464195523
0.4307575788461686
0.3387382169732781
1.7539644346067869
1.3317750146200094
1.448524422794316
1.121491538946177
2.3096858439445698
0.09569276812994981
0.7188953084860776
0.2510350585850288
0.5658679877384726
0.5743134170437828
1.1454777903764675
0.5654292469721396
0.5504522861770035
0.8168920377377952
1.991264782968662
0.5499537370118734
0.4467261626523392
0.7223659687271871
0.8602468911855522
0.39339448078678385
0.6591670243158686
1.4650871667643508
1.2289815449716297
0.5290218787317637
0.34170351283976824
1.4951573814584784
1.0918819517375826
0.721204646593247
1.5747959441798496
0.6487929629304556
1.330938400603474
1.201005880981441
0.4162562258375411
0.7538630226833951
1.5588760093011649
0.47601562959130383
1.2977241312362418
1.0295767282186514
1.2822203722295402
0.5478196859822223
1.6186590684371827
0.3633302069105787
0.9386407050520451
0.6358174086323375
0.8502013155965941
0.5283937567964647
0.5831635651676782
0.7635706248506339
0.9332975985318619
0.44974661098678936
0.8954658484179773
1.0101365724752365
1.1323047984117847
0.9014577137400711
0.8229569395598916
0.7998491755180026
0.7531400181757897
0.8243357872441228
1.7616508590772526
0.8459088419972574
0.3349870051239339
1.3075422384027031
0.4607647255864541
0.7989799281325582
1.031981393559078
0.7153664412573085
0.6224260276713093
0.2680507374780384
1.0454705475449861
1.2810876466355627
1.1734841336384996
0.5166064385297905
0.5547600076592256
1.0655863173192661
0.8040941390502002
0.24612938340119836
0.7898148528154905
0.614312587572654
1.2212273859311182
1.6967357964307617
1.4539790859150996
1.0248093632043254
0.7459248734601888
0.5510925901206913
0.4412802007168013
0.42305286389787783
0.37942139002605063
1.4882008610690045
0.8526847995759212
0.316604966531303
1.0122112275659563
0.4550651605006942
0.6979464141684018
1.631453932044158
0.73698001812456
0.3048433005221159
1.0850776633827859
0.8068476748057977
1.8114700947302544
1.233505817606896
1.4738751544658677
0.5402719793082561
1.670719241259727
0.39191604135541147
0.5401098067997079
0.4768179943146457
1.575671314802012
1.1922124822648712
1.3041913564441907
0.5713526241261654
0.2983201381988685
1.5069019587933774
1.4832683419274484
1.1202352755934597
0.9205835452111732
0.4536001080067219
0.5247764465520919
1.1032524933884014
0.7795816738544549
1.3007642417198917
0.42942819788990527
1.3010517984838392
1.3437840481203471
0.8596005577540541
0.6674000657093134
0.815871555374357
0.8033141727287155
0.8221860292430796
0.8159404735207144
1.0378089764022005
1.8886632197360727
0.3125087294556108
1.1840849819865265
0.3141181295127847
1.1721410914391834
0.7886832142138193
0.5602934759680676
0.879301846160343
1.030505801535001
2.0973087221239712
0.3732527036593344
0.6697516085877927
0.6385378010021838
1.352841032084696
0.45200790976053123
1.4948191346144624
1.2354174216847138
0.38334031558600223
1.3224234035624223
0.7091866655461663
0.7124652138231369
0.23086705776526112
0.265169373583238
0.4499260082200384
0.18561350443119695
0.7607638432953285
0.2245501208738841
0.7701036673882584
0.7560535227590551
1.7812634150329785
1.4594755018569063
0.8419613348725338
0.641877437554158
0.6167688913009564
0.6476884974226306
0.8625334661792844
0.46456837543952406
2.2393848826264713
1.2911957082230623
0.725702182903276
0.6853034028361238
1.3650198527572899
0.9082202036181344
1.2038750158510254
1.1523057048644216
0.3973471956685854
0.4662051940350296
2.512628291687468
0.8838028933247605
0.901865909081232
1.8526354911603466
1.7838286201590592
0.19370942499502106
1.560468365013674
1.749354913422321
0.9610263492538363
0.8821786326252122
1.27814153099719
1.1853041349792919
0.40237112520250834
0.44832814905463475
0.27481041610988904
1.0979260278203753
0.6679053496698975
0.32425892207527407
0.8998626008395286
0.04670481112869043
0.7686181129390539
0.5754452336822837
0.4644311241092273
1.063656641657711
0.32768166401010385
0.7961045730758325
1.0832247841585207
1.0072567695545558
0.38714258087930253
0.8224283315763363
1.397694682327838
1.205560664453119
0.6572504393739883
1.0167879308833219
0.8516985700788364
1.652226651981494
0.6398596438565511
0.38800373925176146
1.4805516019711054
0.5128842409034252
0.6162150255696757
0.5201298542926652
1.09433200432395
1.1091692281491419
0.6438788644774038
0.7197727851258924
0.7401170325413979
0.8154566467285188
0.6186221448400572
1.038471570036383
0.1769109128865794
0.2577001133039397
0.7950556196410767
0.7465689473786269
0.5337773635995604
0.8156014586670959
0.8341153284983892
0.9789642202099323
1.9457234563103307
0.7980894240300204
1.8669167328041965
1.2716105292277107
2.0730838331349513
0.08719105909814823
0.8403930767854678
1.5090078603997075
0.8482913941091449
0.4455623882041366
1.5737262562880483
0.8246259794461529
0.9320384301162936
0.22829898561036632
0.19857998144033015
1.2156182919821847
0.43243257426834264
0.4995445479529308
0.6898818478343028
0.8914378117010676
2.097703269633231
0.32050379255126576
1.2215723149022895
0.6797980603753673
1.488854940979405
0.6534443422394121
1.211996802341999
0.7083890103480923
1.5508713466008615
0.5518770146683317
0.7488477080685998
1.1594345085031055
0.736345437198822
0.4285934068094894
0.30185568229891996
0.5406900263206607
0.8501554751471837
0.41380056807012927
0.3573902565738931
0.3905077192598668
0.5110377982419125
1.8173156812838225
0.7690263878198347
0.9698759177405091
1.8328407181285953
2.2739679123615613
1.1658121235372545
1.4518116982950868
0.6788586329024716
1.0820748912038514
1.0453309493247156
1.2957822751704882
0.7520137903678612
0.8078983068347576
1.0120615189910227
1.1613933166974195
1.8005927110086575
1.5375327923790578
0.7300259893209959
0.28219611852361004
1.324084474043114
1.1801986379561984
1.6358126466091039
1.4667594112414908
0.47850809702459285
0.28226969866071566
0.7412539228707979
1.1102545118437535
0.6477440808667762
1.1867292215755574
1.4062775963463143
0.975453554884301
1.2659996958155217
1.7030989847150422
1.0820069628675408
0.8054896463268854
0.6477155391668287
0.8259941218426989
1.1678635818529162
0.6623218723908997
1.3110538814251687
0.674439365654366
1.1681370651027247
0.8500709226008025
0.6639597029263081
0.78532063023738
1.0706826658322026
1.6918744953212053
1.2683749650429963
0.9726914925269927
1.412674257543457
1.2608778745914835
0.6136506432092065
1.095540083255803
0.7340143302810848
0.3064162764348037
0.48851481760026494
1.4809006520635717
1.6745789474696595
1.1776686758822954
1.2528185242734413
0.3080720483764594
0.7136875228134975
1.5359531456681303
1.7868938550326436
1.134540804856928
1.0710776610531088
0.8524264636518749
0.6786804624467406
1.227669205402481
1.0143402380484499
1.073759186734609
0.8727586868660989
1.12443765032657
1.6094216365868501
1.9608160938793044
1.798258910170397
0.6990895604114059
0.6267330504645782
1.9154351655086184
0.495889303430338
0.36452768978984895
0.39888775706231877
0.27243731706654517
0.8321729271831453
0.4461397530067654
0.3832169564759384
0.4678794451861398
0.7570878778900691
1.1305882692797449
0.7178597777802856
0.5518846457942479
1.508274605329224
0.6884473994013932
1.2274731317605208
0.6654476360291234
1.480321263772053
0.701094458564139
1.2091150286947498
0.32097708886102744
2.0934380547192575
0.9012124975691111
0.6981381074068364
0.5028974328525669
0.43063927920323386
1.2050540636325413
0.22283376124785173
0.21268685096680817
0.8182144529640011
1.4089664852426496
1.4777029452664387
0.41339183329663404
0.8188697974450098
1.4525388227710865
0.885170412303095
0.09828223359268723
2.0916088081563187
1.2697530599281817
1.875850428632939
0.7755769058118062
1.9266182398296137
0.963433011225197
0.8326740067941403
0.812844712819895
0.5150291997899676
0.7798830404603716
0.7925518534634624
0.2504426793793441
0.1690992679513055
1.0205259559838085
0.6218228988038795
0.8428687959653197
0.7797451392325019
0.7178551875393261
0.6091535589100294
1.1485023004804722
1.1100883274794562
0.48021397823032114
0.5873106132692095
0.5864046191426867
1.5873130967413565
0.49316720005238396
0.8659805273367572
1.8985863523383506
0.7078491705374417
0.9863680812147166
0.638375621940418
1.1076581452755208
1.4777390931136094
0.8322176678339311
0.33031523312095656
0.9341780375089586
1.151724691029981
0.8227004852401387
0.34390317101757356
1.0367399364007206
0.47344787679545264
0.5898229541280542
0.8305960999807432
0.08551049799682413
0.8572948900551357
0.26340563680872203
0.6000363763658731
1.034490417282825
0.2502382648920556
0.43128627053759794
0.4971572344948874
1.256621151098103
1.1918662658791124
0.7767145794039276
1.0560484584152143
1.7625436768692038
1.7862545742411786
0.07063058778091251
2.0811196688918225
1.5348934853974292
0.3503668374123579
1.9266908513029115
1.083425996087629
0.41070166911587896
0.11273902972674439
1.4923258039481389
1.3065526092706097
0.8922670988669729
1.2403160195840424
0.599151721625214
0.8854600525972496
1.2073962978935884
2.1169897558433206
0.5697771420559044
0.9426989789572199
0.5443234876494677
0.6484311505348834
0.5656832387162769
0.8226697152408577
1.3894585522189862
1.8150567928512604
0.7266384548038464
0.7295387590539433
0.27880166730175787
0.7447000349474577
0.16638766870884927
0.5017998894640514
0.2283947318061279
0.1786446437660015
0.6511342911006898
0.635717490183645
1.3316732779258296
0.34504500738027916
1.232612328357322
1.6117681723589627
0.6557136097291874
1.5683120314241858
0.7732162837400854
0.5877168955148483
0.26743710720442426
2.092753344524948
1.018974086400485
0.7834148704923163
0.5672986764669101
0.8237372324707589
1.2309279323818327
0.27611320054624083
1.2278887071267575
0.3459296079121196
1.8267455770668843
1.0280796394218452
0.7639758640954794
0.8484640270098328
0.7979752538554593
0.8460643861622019
0.6214829879448623
0.9109359655430824
1.3671767409428832
1.2496509686748842
0.40036087679614024
1.2547695193253863
0.8230992673685769
1.1241251175120444
0.4874601722143907
0.42925271232184825
0.983008338049793
1.1224831579231724
1.4103322791612567
1.586725262232014
0.3044039809232875
0.8993492162723826
1.1864689495877858
1.1159475101072602
1.4891691721423703
0.4978604795664418
0.5739376901601299
0.37284300378820123
1.6634089457949304
0.5532563880624973
1.4743968750089498
1.2294449576490307
1.8143436126430932
0.7990634077341574
1.0813691646553076
0.3134610120904232
0.7405784097952034
1.6424409665120523
0.7099588635961669
0.44997578003932803
1.0115154033119744
0.32729256782385874
0.8520437903907513
1.4686063105891483
0.3986275055427879
0.45119732473592766
0.45289515135377245
0.5440126706374733
0.7342291712555257
1.0014899043352143
1.4711749185703262
1.716309712563812
1.2037855900936454
0.6086309064401649
0.8169375877755704
0.2768398581725503
1.4380610633244368
1.1509933788734228
0.557401574797144
0.5050480227172842
1.2044496130618152
1.2688188714335826
1.027076640015231
0.24883887956772208
0.6275606097063215
0.7111505633434431
1.0220275022456184
0.799267187063213
0.4786096549058335
1.305603252705137
0.32631998343675117
0.8399086881653536
1.7384165343595546
0.8156947379290501
0.7380091319568278
0.8084581908780824
0.8220248013651105
0.9074961561137662
1.1207644090498288
1.0195012846377658
0.8834295499718552
0.4344936452466711
0.9492513885043964
0.7726130112989131
0.5827996240059546
0.5516341044184546
0.8584306866957907
0.6499254555279327
0.9364536737291655
0.32761106849269817
1.4791669829397451
0.6853359660483652
1.3661090383710595
0.9719416389229885
1.302986142878975
0.45177401054399763
1.5692282458131472
0.7850147591617824
0.4129891034503927
1.218961131621087
1.320924159591987
0.6364142301671791
1.569058210010446
0.7019743801926017
1.1206915949912581
1.476043656082845
0.3578939455692709
0.5344525379643132
1.2082837534786817
1.4698356101177668
0.6760484438302781
0.37433043094975027
0.8720130230093958
0.7287955946457165
0.46786070423247705
0.5685099325030591
1.9993289087731072
0.8486328162807689
0.5776326022332781
0.5690499224363417
1.1741546227497583
0.6378393749900344
0.5728451535450011
0.28624734088276066
0.5411114057579679
0.5076043657754055
2.2077178461972213
1.1209534591414856
1.4151135524058487
1.3222694503664463
1.7801754808052757
0.35401058831063087
0.4257595657319315
1.0357725142863379
0.37658546375388824
0.6826734109788376
1.304889012596565
0.5315415193343596
0.7635286554621762
1.070931550761374
0.8525940862560416
1.4469350821057054
1.3822888622407337
1.3887237079897732
0.5001218077220326
0.37703991354938193
1.4366291381659781
1.3189038855688728
1.088725459986945
0.2988157681032135
0.5657396033613321
0.62063225119566
0.38757220744908993
0.37087006096546865
1.3774159193575628
1.3500425105014224
1.4146445317115164
1.3177865581647366
1.061369876625607
1.3259766650982283
0.6593646701695718
0.7366765324327413
0.5847979367922
1.3376621637292836
0.7539351133289843
0.8985130298339993
1.2976308003542256
0.7665929514150951
1.815022128559204
1.0199786966593454
2.1832699531449578
0.927420497832533
1.2698141067603659
0.5326971032918772
0.7839280620010566
0.38417835191421806
1.4463437746690553
1.5932637023077232
1.27441963730169
0.902407101182434
0.4855784072623802
1.360636334442233
0.2945095395031231
2.6323162135744975
1.5800867077889256
1.1303929737163334
0.6949286185323943
1.901289390158821
0.6259357283750785
0.5506190537052679
1.2585387306900009
0.3905831550093414
0.8734125163924465
0.2855375201978473
1.2236492936797174
0.5651855080630669
0.8469870973012509
1.302232500311229
0.41140853789957205
1.2517953049813133
2.331498208035031
1.1475921364533832
0.582490540979689
1.0028183152690495
1.5428883619873974
0.5365076725328459
1.916480144096934
0.44402666923555134
1.3483614168920959
1.6868830146226101
0.369409534831341
0.5822271700321859
1.5445222689708893
1.090432846114275
0.5885522636435075
0.22272804492716583
0.32342948349676187
0.5604328335601654
0.5103137792980941
0.946366253356409
1.5322952875060696
1.704027729414848
0.824127542686262
1.0188239081238748
0.46200400736657615
2.1999067043538223
1.7574422004241232
0.7266035971356671
0.6041396947496548
0.9904222855442059
1.5377311317652094
1.6407149017551046
1.5241420693395031
0.7835667786171903
0.7829264765337004
0.3609260995100157
0.14005948757143233
0.8822101080881347
1.1756622723452632
0.6117323532186983
0.27208210000772737
0.9673603540468312
0.20289472518309054
1.9836453129787
0.7990870101288673
0.27500155956411276
0.2409748125321147
0.5132905689427646
1.037777870998579
0.38540130108427123
1.219639430748655
1.0363159952604124
0.8068468882930526
0.4261637392002512
0.2635459744278903
0.43701449699839895
1.4339086958280363
0.7383939447958988
0.5656908133401668
1.3992457651227674
0.5693404145478587
2.310270117436737
1.0467720732922365
0.8932526679506371
0.36742732722882065
1.5965801843033103
0.5898356902524506
1.3714440013725147
1.4638760697000028
0.5007861360132446
0.829699473295755
1.8556897353572694
0.3603800355977368
0.729205633342278
1.4789291728922447
0.45198472013576685
0.4524834445142021
0.4038073988119347
0.9406155673841362
0.48028358780894
1.4432584694477901
0.10710408868741518
0.8816582861449915
1.258126451639121
0.5417909454471781
1.1421778106594076
0.06942656577038975
0.4008026779858054
1.2235109024464272
0.8103414578818668
1.5188514311468089
0.9051134907181899
0.6809139782860164
0.3138513187175321
0.3283050821924815
0.37405013667799386
0.3457108273745425
0.236274309800696
0.7846498160327652
0.3613488895136212
1.862049293822637
1.248209109067805
0.6733511761274217
1.6611569878131738
0.649857289921007
1.2066280110922136
0.48919443983394034
1.2045439850966533
0.8843131675764427
0.9884176366910276
1.240505392190704
1.0046358389436871
0.3092498641987464
1.0768993821972124
0.6475794647879545
0.7049593538365505
0.5866639831312983
1.1225759634130057
0.39421674790333244
0.5896564794837285
0.6995273555680692
1.1443964106643103
0.6009280731617112
1.251517256502795
0.8386530709651355
0.799172452089408
0.5662727772638384
1.5892085754562018
0.5146375976268153
0.41817956866040035
0.8625763577886184
0.4745676936393734
0.6508731552048872
0.7498839441068011
2.089151973283135
0.3213932921697728
0.8242623154371348
1.22448300288568
1.2131434684348072
0.6748920201685941
0.7948325123763467
0.7673313034881936
0.37688991553644596
0.873515919484227
0.5749729857084422
0.7231859412963257
1.2126521804156076
0.5088297082963581
1.004265654432591
1.3444647040204605
0.7579749202830083
0.10040441008998488
1.2385476299264335
0.5232269320365479
0.8962353551150136
1.0125051705356425
1.2609334299604587
1.30423292295246
1.6701790438263227
1.9774729861689608
0.7703106084909699
0.9061896449102413
1.0377127340551797
0.7160153691448078
0.4217882042353027
0.49085321411858807
0.5175968679166989
1.2611370116313987
0.31005040625770924
0.5046813373734835
0.6891368425417027
0.36020001397517926
1.408320920027266
1.1970928020596063
1.5995526572228629
2.628248492345503
1.5716693841437444
0.15189831177872162
1.585924122866367
0.31504965038139754
1.1929765276524475
3.0736683279758164
0.704982409172958
1.224565549379114
2.073420405177182
1.1192181636519773
0.6960703551645666
1.0364183474113664
1.666387007208744
0.7994834477560854
0.5734055900243737
0.921360295422239
1.769935279564719
0.7948536857938829
0.9742349231759325
0.08811081594005848
2.0289789709137915
1.0507272001678
2.2208015807976653
1.8922038204582046
1.0407631613574553
0.3067448274438899
1.8364331838010979
0.772802951172933
0.6529078306298196
0.47161659775704623
2.256610290769473
0.7002587896812639
0.517515997753372
1.9255390285628693
1.2358726305290233
0.5642440846656639
1.3917632226921974
0.7992742452899082
0.960630569571008
0.44516782151763684
0.8613227650159068
0.9123162727545425
0.5281009794261738
0.5581035154428522
1.0320900580833121
0.4093447120636355
0.2016436700072115
0.5245743362487814
1.2078650049069555
1.9267012641208436
0.07145568938729101
1.0884731318805898
0.3429402289576675
1.0036159935871942
0.9265332826222472
0.4551715141136228
0.9936284703442112
0.9041700615658318
0.06239204463572132
1.5543758633712683
0.5801239507547661
1.100839460377775
0.8510136978893252
1.241682727852099
0.8358839889895561
1.3456307362846185
0.8969194658173043
0.9687139981803173
0.9820042473112502
1.0948604315753667
0.7749919009922187
0.3282045525334879
0.5432633124089981
1.0593361757126427
0.6876012842609773
0.4209538363198496
1.2912857016394919
0.5608822842677337
1.1745909078465377
0.8875617291211276
0.41247723714951773
0.8602906097634836
0.6553437930574517
0.8681005537426026
0.7159351964641046
0.7912441798273359
1.021235517518252
0.6255799728441526
0.9539259469024562
1.7472586057920678
0.4409781045264321
0.7998524857283217
1.484851959082264
0.2970738279794183
1.1905985816614773
1.103944574119931
1.4878726991084503
0.40977865211832915
1.29742590228885
1.254565681172953
1.6855210543913774
0.8919246611586717
0.5896682741073808
1.1401197607661426
2.2016627444795445
0.9682645744077385
1.4040427363514627
0.618839126171665
1.138447248244446
0.4080770627303672
0.8766268253433167
1.7565472967398839
0.3686030570443738
0.8782175212667525
0.7312903663476031
0.16141920539607713
0.5318220693565694
1.0237334188625131
0.048185601676723006
1.0003195463223131
1.1866127270872313
1.028338802272198
1.2700491342124045
1.8224821413205334
0.5944998372513093
1.0247689387732748
1.0120156598515173
0.7721777765156884
0.5972702441069462
0.48117019699150965
0.5065424542801615
1.1708723056385466
1.0044078507094027
0.8345380437670614
1.1102294731943239
0.48843410697567125
1.1665742165285318
1.3811353489315634
0.11617529838277692
1.281424209351682
0.3849775769453862
1.3371045022084922
1.048833092068276
1.636475918280261
0.542254835645744
0.6353990476215804
1.102305837453073
0.714882147259705
0.6418658975452324
1.7175356443853114
0.7314714710304524
1.237497120940977
0.5226756375936715
1.6147034330141141
0.599593087471226
1.200835483556304
1.4119619578185871
0.7373519528271767
0.6352908315658512
0.8102811885624275
0.3644359654782187
0.7786513117196122
0.8008528128231172
0.5974715255744641
1.3012857856332127
1.3118294684623204
1.2166844353766924
1.4750097462775595
1.722881884541045
0.6142734911290241
1.1635004453941185
1.5312495401823916
0.715564845654232
1.4161121786819446
1.0538019638090521
1.3446128482438418
1.516538147003187
0.4182542920258603
1.772634413612394
0.8345729337071754
0.33985577580016046
0.17678992118502954
0.7384841715155689
1.0594871315198362
1.0308044021622467
1.948476890803145
0.1337284565914621
0.4720522022266374
0.3874848684529822
0.9859743129952798
1.2268668758875931
0.8786923776653512
1.286080132092188
1.4238887866172392
0.35516106022222826
0.8360062283791185
1.4425950538592938
1.66324709080742
1.5653379182163765
1.5853806496529896
1.148716107167374
0.8030125303895099
1.2236506668554243
1.0490224247574707
0.43316957132373696
2.171322721316999
1.61237516092823
1.352909975207614
0.6135004670928623
0.39248020833459996
0.5567908518480441
1.0286914185553706
0.5878480081671397
1.4216023014827728
0.47787899063056494
0.6342418964861395
0.638810514632171
1.9545285373753971
0.9720904350811556
0.7937284475936546
0.12763290531247232
0.8414810919647154
0.48393960347794673
0.9063447687942817
0.9409233911193893
0.26111277572246633
0.5799404350251374
1.859836831796949
0.7275484965067146
0.9787210035832937
2.021266029482617
0.9174865121101563
0.5405211482602131
0.8613229466018925
1.2094989742132514
0.5511801625402409
1.4307796643216495
0.8213841687890572
0.43784617343082655
1.1867352889067562
1.4384673605374347
0.47315897357709474
0.6421877811458361
1.1450075129041375
0.4412947774066978
1.0280104827755348
1.4405637974468735
0.3165629448123754
0.6242008078733764
0.8070363883827855
1.2483106392280898
0.21947125966118952
0.5722238860104172
1.4222818834526532
0.8176714628297552
0.8978564825886046
1.2393654600815294
1.8158822226417237
0.7298960624408708
0.5056063570529371
0.25680012936024305
0.953394007246041
0.7920652580723349
0.23560518222078128
0.5154345906803961
0.3403123944384275
2.051831467468798
1.443436758476573
0.25403874884025596
0.43865616056972917
0.9315355322275016
1.3789450477709388
0.7806758539900278
0.6948145283169268
0.9349234349267934
1.5171980117985053
0.03706813453439233
0.4036213481530243
1.1619084008565141
0.42407357981941013
2.0108481095585446
1.5402640119410247
0.6216856629496222
0.7072356655861811
1.3223843844879808
0.8666968587085412
0.9695149239633799
0.5926720185578068
1.3095939240844743
0.7964288891896402
1.6167261797259085
0.755312386936409
0.3611271412051649
0.7145270794507577
1.3186935161706173
0.4505551459298688
2.050540651874129
0.5731201538114674
0.7604666964400512
1.3281351270875517
1.3594070160480827
1.0267422612439123
0.45373878997258793
1.1872220204075523
0.8509528564549307
0.8641347478557235
0.8675002345547664
1.054633503439032
0.5111822435632791
0.8770538736465647
0.4126185301655047
1.0593384628204736
2.1543193797273417
0.7745259304552122
2.066752865217368
0.9187006515551661
0.9937274842763597
1.2093834669339492
0.6145209717287686
0.734758595067043
0.9693659585690381
0.7776594646219422
0.7011656448275596
1.0849878720402688
0.31994770209522755
0.6249243195263663
1.8668367292080779
0.22510556903997736
0.5947860038736692
0.9110846092975572
0.8097357951796413
0.8375940924030589
1.0579563305931476
0.47225216413762405
1.0113387294063536
0.49746072723927565
0.3157831317148069
0.6863838098845202
0.9539241390502469
0.6918059894159454
1.6292319891746272
0.4688651544101196
1.2112897676118164
1.4621636498813033
0.9167931689773339
1.458434189870159
0.6996144053763148
1.1119799382862292
0.16290870924535686
1.562620040035013
1.3071687079327292
1.2824021133401104
0.8159451870995988
1.6209865432497745
0.8656309864902957
0.9527614216631078
0.8250891471145416
0.9869762828374739
0.26400636622535806
0.6306463901009871
0.4512545670101078
0.8679351430663709
1.484699534826416
1.9807152325174455
0.8223027644695574
1.3482015916403745
1.6702688200901088
1.3982976128397755
0.6934251268321737
0.8453447330251805
0.7300615433860119
1.9527808953071075
1.1192181564933645
0.7777289538252236
1.0741241573073939
0.788014613469317
0.9185924087228902
1.6990970288381786
0.7770731980137005
0.4945804729152173
0.8948217207271822
1.0005842141244579
0.7873116713825277
0.4342834922856887
0.26053644187922165
2.61604307982672
1.2164304873077914
0.8995905580961917
0.4558794511232669
0.4446984237116739
0.9539989546125055
0.5457244982132128
1.150032218589333
0.14527811566433785
0.6754991384025258
0.7600145843627961
1.6504722480120588
1.7952544708333507
0.762402296085532
1.2547088563678896
1.0242241210642897
0.5583085201439812
1.1795896385730442
0.20051920657334374
0.7584013602597282
0.8428858267936241
0.23155248921938992
1.8081029286050911
1.5043121945336695
1.4907837690269081
0.39247774318453565
1.22708454929542
0.4728711229859305
1.3049449093855776
0.5830625667076484
1.3657074631878356
0.5107810881794416
0.833733169585575
0.7000596796941152
1.4335298140652022
0.3590510171273079
1.260831064278777
0.4356096733457509
1.2809783907426304
1.5291352002020375
0.27939150865722184
1.365467918211344
0.89548796113784
0.7442978813993563
0.9404126550309706
0.7051917595126027
0.7050214212945651
0.33836046969010175
1.097748987072682
1.8874232792101586
0.5665509701465501
0.882148107391317
0.4616306021004423
0.2555133191829309
0.6560573519349587
0.7012415329628614
1.0230391281481197
0.4783617989553411
1.1601406324012526
0.8883101741912796
1.3086419782128829
0.19477027406301592
0.33572802743534563
0.320573014416734
1.0914267946678762
0.35256310053125384
1.5618255122036804
0.7060019705855248
1.0211429486567947
1.1389262278349401
0.5848673654662789
0.8154692182710781
1.1205650356160228
1.8047118124363701
0.39451276752604253
0.4747412745929165
0.4828846813494631
0.4900825619643314
1.6093252823217254
1.2766141435628144
1.052761101627108
0.09509770708175483
1.2543073936307199
0.325338091535134
1.1188186061709287
1.1417936632185197
0.8229447764770738
0.8321091092566599
1.0860451941566567
1.4730584996019984
0.9355523255987109
0.1779930217089891
0.4631184435385359
1.4338509651296358
0.9649179100162845
1.0328342943584579
1.9672884674868183
0.23795576741693092
0.4901986948585879
1.0250179106562416
0.6266349888344961
0.507781038716452
0.6643860510631836
0.8237066483306484
0.3607498146740844
0.35893187751212613
2.137928232259008
0.16775273931898935
1.4690596859165719
2.757641322073778
1.6534879914250353
1.8144531875303478
1.781466237052424
0.4246177747445533
0.5532513662678619
0.4288251910886016
1.1963254976120543
1.8185844480130215
1.8108020249133217
0.7617594531253248
0.31963605401245754
0.47625809782671125
0.53904589566318
2.419457068504401
0.4532105619334116
1.2220236227250856
0.6793587727475005
1.0998832147178625
0.28606895157021917
1.1656409066762936
0.8938995329246747
1.4641743203895288
1.3506408539162225
0.7242341874820756
0.8781477162183968
0.6274093320483451
1.1824288631928939
0.9531242715389261
0.7669155809451111
1.1729989886083292
0.8549701005597395
1.067480680591084
1.734013327231402
0.2539533344871231
1.382724950183012
0.8717209212229619
0.43832077540496917
1.8954620308980703
0.5183221544431669
0.508048381866656
1.6510077958436737
1.6812112995331434
0.3849025490275169
0.923616461496978
1.1841200137666266
1.2490549237113473
0.7055704435830632
0.6660511708409717
1.2522403217245532
1.1418683686950621
1.5227182668601322
1.2716455188069036
1.7856557291014736
1.16220944607938
0.800549611562695
1.0686932920286367
0.4173759936562611
0.5521898507427946
1.2541233811501291
1.1353552428925608
1.2804389119094943
0.6434290460034356
1.6704928574637143
1.2685420113115384
0.5374526323219723
0.33708275741037547
0.9354471025809388
0.288351078034546
0.874204557169405
0.709893426467418
1.3892519813989996
0.8873895259613108
2.3290266828168655
1.052681788150702
1.4115664732197688
0.8381161533098536
0.1583097024878762
0.31362360987915167
0.9031900210806857
0.7346743820836091
0.6863992386715464
0.5093025633867045
1.364090537985833
0.46888318811266066
2.282254598832816
0.2741317654847019
1.1536115393118125
0.48455752882600167
1.6308023373803222
0.6503662971291335
0.5178396416163094
0.8158087414958554
1.386677037483328
1.2085717412891628
1.846053731014879
1.0512065788180043
0.2744056671068647
0.3267636915118051
0.32280100700895686
0.37272411392890303
0.38011904596412693
0.8397350343733523
0.2345780338042343
0.4403902553029217
0.7160183251361345
2.081437457205295
0.4625180379552117
0.42204430434782503
0.7500359853382015
0.7037868946465726
0.11908281319549695
0.8981152886249627
0.8325630940135214
0.8984829354493865
0.897025744824041
0.6859076518465654
0.3911762307385421
0.70572740125152
1.0276380051461012
1.1578256322092288
0.7942347976679885
0.8638553764626244
0.8482588078790572
0.23800791075105324
0.4928144397440885
1.295286862053834
0.6245238990685649
0.520033630670352
1.3393229680882945
0.26897370344719046
1.6975168574093313
1.113825047751586
0.061650740952995955
0.5326761235393624
0.6834509389873502
0.5086455993684408
0.31194048433580085
0.6390346883250558
0.987839225922499
0.1322019409673631
0.7276669340413433
0.8420313081976656
0.6616942663207365
0.5982973595214544
1.56196800548162
0.9231485465300523
0.9263148363900612
1.1384287661613401
1.1772739521665845
0.49753611613994136
2.0851221266452993
0.24713167613191223
1.3038159567144687
0.5102614627244813
2.032016086644177
0.607375569663422
1.344430806190114
1.0083420049359375
0.07780768485388943
0.8740440738493959
0.8169928117351901
0.11637908998278886
0.43712122134496867
0.10889281212378937
1.0884248190878547
0.5863149032137782
0.7902389972858666
0.7113711779407907
0.5340912584028982
1.912676525329529
0.2020818389690565
1.3030451452294904
1.1323799117200435
0.47842973990478377
0.24633471220706485
0.44423752499156954
0.8296221874079331
1.1284032749920492
0.3719211363608932
0.8943677462289107
0.269110067407356
1.6084433136192624
0.686962499277072
1.0959730279377615
0.8032887888908556
0.9829399861554865
1.1910482248645646
0.2844812657485773
0.11771990135601541
0.8664980567448305
1.2072627719941915
1.7826109696715022
1.1595938724771802
0.26466760623856994
1.411455998317845
0.46449569355821424
2.005506333453381
1.005734058045429
0.8288254083844382
0.7473337244449281
1.3158574567587114
1.325452862423221
0.4618582050852791
0.6615790331334533
0.3780870026786801
0.9527793819969713
1.2552856995739172
0.5034758998639033
0.7182729094409959
0.9410308700875534
0.7905475311936986
1.0051100735810552
1.442137832034067
0.2854264868800879
0.6960441742401836
1.0223551162478157
0.5222295954037038
0.5149927408468192
0.728724739824086
1.0674248440181908
0.4881696345598075
1.4625859000764398
1.4870963047200974
3.2735209673848167
1.5069505332444078
1.7375902683975755
0.5395103905459779
0.4856777860311802
0.498535851911995
1.214897651083283
0.9607365213876942
0.7896854506744057
0.8167985382249207
0.5598433754195209
0.44840573091063635
0.9700331217674499
1.7650156841967237
1.0941145819513887
0.6319453992854385
2.7811872917505323
0.5004907449872477
1.2007809397133848
0.5660297136825548
0.9225012120318998
1.4060066148993926
1.3387197577532226
1.6005710399557422
1.1559213388646672
0.692207547247707
1.836324675057884
1.0270097631176702
1.6538499379318816
1.3807522033074984
0.8355118144913939
1.5574855742839753
0.82301489849677
0.2516354650718528
1.1481031012906615
0.16700789180213835
0.493808713099267
1.2597683330511145
0.5210104426895565
0.23835401896994346
0.27328837884700713
0.28465408082451776
0.8719510579035264
1.57476329002394
1.5829193192614581
1.3673773477221511
0.34619886119032706
1.3834982788640713
0.7519281844411849
1.2645063071743934
1.2036700683967192
0.3612703025571789
1.0348234284985138
1.2497514127305784
0.49614113603355636
1.042638187335959
1.5261085909330692
0.632882161424771
0.161463176747334
2.086495777496615
1.4749833641172734
0.5480922273924834
0.5380096171193706
0.533083010146008
0.3334583087713158
1.0834924486624373
1.3712035783433005
0.3005988748242244
0.5652209616581623
1.6857990648092798
0.6662985748348617
1.4942189623087887
0.5194213811256163
0.34933759855899277
1.4722260261611713
0.9744585198129364
1.0484562201451175
0.6319294158110883
1.2220337526946767
1.14844583725744
0.6786627274976387
0.3693052190953882
1.3952605110931202
0.9987205850656729
0.13085135247892188
0.5778331056291522
0.0609310959475587
0.7480278067493429
0.42685419419382126
0.527073255500134
1.8063011638917466
0.7290638046765017
0.3442469913584615
0.6771388005879765
0.5154521997342599
0.4598284272047335
0.5467727358647182
0.8794407743139733
1.1657084203274835
0.46971477271647993
0.10119364382934565
0.9759966329717747
1.8661695305050032
0.9853474167048706
1.1931189481959765
0.25407752410615
1.0694977977306837
0.5070193561191377
0.4009664804709464
1.2900250968007188
1.7069354200039173
1.9296620362389263
0.28636619063143115
0.84715916985146
0.805812376232026
0.3991233146017662
0.5717485040212446
1.1651309502276037
0.6925942664207431
0.2461225011499721
0.6273041533613258
0.9911847080083285
1.4739112067876747
0.7501472510900179
0.8840753798634036
0.5452137657542733
0.46712260786824483
1.719342453982428
1.654682132302093
0.4398766921443888
0.7750423156226918
0.7958197080385974
0.9703080888305816
0.5866566508113467
1.2829717557966094
1.4041703052320398
0.9970410018182162
0.46647923251335627
1.6223348732750043
1.191295947904714
1.8493294301875507
0.8790882871170905
1.0212475081867705
0.8493098497476629
0.7427795371048895
1.4728820301386476
0.7299797213176815
0.28251219282544315
1.6019592493084394
0.9957277627644333
1.3041277988421285
0.5718120572261677
1.3629479291708924
0.4467441679236221
0.5046641697822468
1.0406205147339704
0.9830838411993812
0.8097849632161133
0.22493743086685722
2.1427907906717434
0.6707100508992776
0.5148324789138469
1.7140485567767512
1.366427595778444
0.5898284631292887
0.976333419966
0.6533640995655766
0.9192835580018328
0.3766542293014524
1.0062650318106734
0.9948456310538063
0.9358424771523391
0.8989594557623362
1.0485776170978405
0.3141627152656962
2.5685270202086055
0.20476986931260688
0.8728396707116312
0.7407875784033271
0.45802039123918115
0.6755473882689939
0.2672221392579526
1.4569730557543676
0.4151601582835191
0.43158160682338276
1.2573564752053525
1.1062426371119727
1.0655929204287813
1.8347676277698652
1.2792792374266064
0.6819628762327855
0.358870565841548
1.5324031948540726
1.7262438158662405
0.8195201973828454
0.9562846444880774
1.4660693444840993
0.3218787011930702
1.83813202509566
0.3738537177627193
1.0026363162547025
0.09049181284499111
0.5985051185399222
0.999589234722064
0.5148945564417962
0.4869572359874944
0.5288138317442544
1.0206683574929987
0.6612120087846093
0.18765579468257507
1.2702015911122397
0.7562099975132993
1.3189668752760466
1.3001198936482616
0.5922441102709152
1.5572995482898877
0.1382220433249354
1.7743740306364753
1.9158161948856356
1.117099132187725
0.6407903188654898
1.2047493028113583
0.49213702827399597
1.2917198336971871
1.110243308208583
0.2634892521692397
0.589275280998555
1.9439536776898179
0.491150056275889
1.9055280540359172
1.0109790145932394
0.4351031934708277
1.9719375436879696
2.1500027806677315
0.7065036823585144
0.4813043866294136
0.6933309742951514
1.0221453766490218
0.8836454550333632
1.3700019267176988
1.3238308154137197
0.5332037349841897
1.1239516833274652
0.8993277014828417
0.6686605234616128
0.23825712296000998
0.9029345915322958
0.20551454214145976
0.30789390249610527
1.2086128221656176
0.36326903137513034
1.0814069628780592
0.7587652812243998
0.2602374401741767
1.1291309288441242
0.5980215002756774
1.1409573225053211
1.7396205788353347
1.268865212980357
0.48478904515598936
0.15499398006808043
1.0084310824413298
1.3175228220884487
1.2303833916998703
0.8630096682084263
1.0831672258398948
0.8578571783983088
0.9704955094423833
1.1304975935436177
1.7618811835359018
1.0128864204941397
0.4332962366003462
1.1956578690570538
1.1456116188394472
1.5752106868004785
1.4476573486848765
0.08603284321858394
0.9338893354392356
1.5303219539231308
0.9147517228133962
0.7289662591997631
0.6607822882054175
0.738472997502065
1.6464137559381402
0.16992574467014748
0.12357110060800135
0.4857426379279953
0.5941222331157274
0.4413961432148721
0.8816201241137817
1.2880990441957774
1.3292476732893561
1.0658332519693254
0.26854474697633557
0.9872395215253587
0.928075767528383
0.06022315611583389
0.27567954067135936
0.9182606661375124
2.206179761189056
0.8121226801879291
0.03457502138139032
1.8198627365335347
0.6364085094114952
0.3869498796499965
0.0686560493430365
0.9380643629149104
1.0086573002452421
0.0840064484408468
0.5387071253154615
1.911825417206349
0.5879635703243523
1.125759203372359
1.8188736800587824
1.0974559206352756
0.6019549804950611
0.46047330862878855
0.9977870670129111
1.0301589514662945
0.8475511396042579
0.4827959925930548
1.2236479129063444
0.5616648601456515
0.5473539898414752
1.2124023880848052
0.8128784445363578
0.546700021756457
0.49823848519326086
0.5383345043893752
1.7231782305069734
1.5485550265426122
1.1720888117073502
0.49782772126319874
0.5034626432182964
1.6201256976236993
0.3551389839906329
0.8773540608593822
1.176469264655298
1.2648133228061063
1.3606526938652859
1.0795050127880026
1.2858793436373588
1.023910604758584
0.1835123691983487
0.4905684304553474
0.7614834342600527
0.7886711272082678
1.5316049541748953
1.825183411164896
0.9565780694051752
0.4483857978198374
1.4143618665336968
1.034460474912727
0.27019462759569274
0.617358315514983
0.624299329917463
0.33497132208782215
0.7907819080463332
0.4617667090511701
0.3181849618101661
0.4911592356982342
0.8380956677358198
0.6487947604180464
0.8549041734917654
0.37264406209698314
1.1937762134236911
0.6442683379465153
0.98934078203018
2.241838055945085
0.9784969478439004
0.7800439567435592
1.9908653841425819
1.19582137536607
0.7583483450878729
1.646529432921231
0.6645720921978818
0.2799464863181601
0.7295489953999242
2.027079848126595
0.8276250646120361
0.8838952325600348
0.4896289550353552
1.1346186045909645
1.2913075756374561
0.8248252171534103
0.48098944806961386
0.4611169091603537
0.7886351789697952
1.3873171858736395
0.3700518615742499
0.5847455050277119
0.6041014372783784
0.9846832984815179
1.3784079324307033
0.7345898652748417
0.3292935048743788
0.4671947461123289
0.7692596020525204
0.9362204575265367
1.587055303600846
0.8514270496492246
0.7808963710380332
0.8656962245197761
1.569412849074684
0.7653844835097413
0.8621211834020615
1.0311838948346863
0.7194746203721588
1.0327108230611772
1.3159401676805522
0.9280779968313017
0.5584010404769001
0.7929786693811258
1.044351558958495
1.1989405106820816
0.43486052946002784
0.6302473881714068
1.0887449172223054
0.8062487850587025
1.0226012121787724
0.8030810413403079
0.7793189278624552
0.8339782878857287
0.2990619800389412
1.1779709222389712
0.24632419161393054
1.3181620226536817
0.3543717658282476
0.18765319160922847
1.4836501641463773
0.4326314540897238
0.8716752885202558
1.3685875960954088
1.0815471164321944
0.9772540316248768
0.32476618904322085
0.4254474929572984
0.22945405010427267
1.68057120069103
1.2295847646866007
0.2734183414605154
0.17224265301760502
1.6941776018369983
0.5106178373910917
1.2454884145072178
0.6426519834336113
1.6096571781047502
0.49107083244537647
0.8197449525224054
0.6044140778158039
1.103150332789352
1.6809620258815068
0.8464267376552633
1.5261393255703224
0.8982095145198855
0.447303642703436
1.8976841113886713
0.6951862287079187
0.16488758124943959
0.9253509735283597
0.6320938809881517
1.8817388739577265
1.6205678380405624
1.2704640823209483
0.5529706438055272
1.5563366580217353
1.892489594105714
0.392691257160967
0.1855022887896895
0.6049472764080429
0.4612494628173809
1.1879687422950387
0.6213230522342751
1.4294241713445737
1.772851394671773
0.4023527572977934
1.223455834946591
0.47354439679568733
0.7954551668194947
0.2903218415353051
1.6189493187634596
0.5509605009951191
1.170099405949496
0.9560910332410999
0.5915259969318059
0.7283473501874375
1.1390527631424465
0.8951362165231902
0.9977541765444705
0.41857242885920987
0.42056853779462583
2.2745796903268714
0.9716770142137424
0.5214913122721992
1.3695275100904862
2.0508796240566727
1.1196898847631411
1.1692604783109652
0.3568415393045944
1.64802621716517
1.3592703338314174
0.9925647753853118
1.552588882150098
0.8579205305992063
0.47827654505496453
1.303204254173983
1.4793176497124545
1.411931901034829
0.9891730598786641
0.5986369696054333
0.4867016728335071
1.5174884355313776
1.2068079818564392
1.9402654008820632
0.2957795799026577
0.4871262708943655
1.4981377907760518
0.503008578107967
1.2406079358993203
1.0393924094758522
1.1280992616957506
0.7096359147246647
1.6995027524523019
2.529917380454414
0.7274119090898488
1.3292407940514666
0.6155780614400733
0.39056756036880536
0.7847335304945797
1.16238185438294
1.422913035889492
1.3183906267885719
0.9543217118390818
0.8195721763562827
1.1937910406145968
1.0603383704812253
0.9900753199386025
0.7591503253480477
0.44506227411352456
1.4041679852567186
0.8017101797369193
0.2945421911668648
1.9652495989389747
1.8134736373287406
1.194744955392175
1.8792841043346509
0.32579006706540453
1.5517376999030628
0.7359899852844111
2.1331578121182786
0.5414934276521179
0.9962696323440402
0.4993688252113958
0.7169215355613214
0.7629067429643032
1.7160854687841338
1.3967725620985956
0.981541129110589
1.293878725207828
0.8340247258180331
0.7566860612604507
0.744230460462295
0.5267253875997875
1.1121284879479945
0.9262873006346487
1.0601947600700727
0.9800131692936274
1.8062967581687175
0.7997786189043179
0.6085976060975034
0.6089158319833742
2.376113417056719
0.25383198514608707
1.8170133696209363
0.28322715591301467
0.48400599704473807
1.0599018873385695
0.8225842751040128
0.026931498198577108
1.4225600796583409
0.26934528702566884
1.3781646810082446
1.8157438312408494
1.38004238446589
0.4167087120209442
0.4281947792875009
0.7547028485894531
0.8906661006016617
0.5910271104837397
0.8978863250865121
1.1598587064732395
1.5454574194074888
0.5760359744943138
1.196487582905984
0.8488582712228349
1.3633468742930752
0.5494966029493937
0.5346412134178786
0.3852840990558648
0.6942140894297898
1.2349563397575798
0.656827155729845
1.0324438472363335
0.8338441084788499
0.4901086897602645
2.920787296449043
0.9213036740647212
1.2257706438960456
1.3401639827235416
1.017181270747436
1.3627106906490443
1.2341821802645419
0.7102734567089459
0.5673445395712517
0.7116747451284176
1.2568455234368952
1.2254773114105157
1.5015457731148723
0.2281834789812386
1.104529636322528
0.8888506906443858
0.6642571992921968
0.7015939732058635
1.698494686481259
0.8050322735317313
1.1323924299210308
1.29442751523424
0.8783090898474734
0.8767685163457222
1.315340615098279
0.5670885461630663
1.5021538853112024
1.3793928036285343
0.9426241912021402
0.7653963423565809
1.0064605708528405
0.4258641095166577
1.7364766493675554
1.5009213861948032
0.8161935110404862
0.6888200682802125
0.23506210656170093
0.7050735036396423
0.9293264483971132
0.3642276505280035
1.0985028121371787
1.2171983867952134
0.8740124752236708
0.12853565757689853
0.7029490498018172
1.2548213105321966
0.5093203127650018
0.4248821556013646
0.8094944495779205
1.1064339516994848
1.1273917677534835
1.1567642450798976
0.31685981048395395
1.1989615848390962
0.4177968760068816
0.880834637220524
1.1566090879156097
0.8537567788416509
0.6505960958376779
1.032239171183371
0.7196601335345478
1.2388769281912386
0.6733753851661839
0.5378034461994613
0.3756147613871273
1.5370892368293698
1.2495417158435123
0.6506112812728068
0.9162420739185797
0.13750514734031943
0.476312633557991
1.900182016400013
1.0862546664993813
0.2346791934249691
2.08158324857691
0.5709952956702425
0.6573011497998099
0.4347535901912797
1.1940267535966855
0.6632084071141074
0.45080596631642833
0.41484578747632617
0.7716700774160542
0.2758993169019294
0.5689578432815063
0.8218892687152514
1.3832576900891633
1.6496644644879919
1.2188792808560873
0.606982196249347
0.8299625458320945
0.3540951606975314
0.29640843802374917
0.9061339847156936
0.5007830003329068
0.7523346162312814
0.12938059668604152
0.3799890064797057
0.750166582921874
0.8813561716378944
0.6361078762090976
2.041378459362235
1.202144608179531
0.5928479823941306
0.5951327870092038
0.99028971675824
0.8546924165021655
1.5344095001558966
0.8346332520660452
0.6152180361054735
1.5357166801934867
1.6532371934181265
1.107692040974825
0.8085945874968884
0.7760731648315349
2.105529196938728
0.8611734545791014
1.4810087770434026
0.5307155233972145
0.15809233283704024
1.4682221491605498
0.9967496731455818
0.5663036357380836
1.9205074936148918
1.5210665785208508
2.3656594332691805
1.1080345595882426
0.782862724043194
2.069300069124586
0.8980546604568715
0.6271122496789141
0.43564773980047317
1.1256129380318907
0.6746056537640756
0.9757073026328063
0.645147753625028
0.026923046203870014
1.1119914159701447
0.707000209585827
1.4594722997972294
0.8617614093052854
0.5742309169816857
0.7696252802642701
0.6100259841660454
0.791156638499762
0.6711131064620571
1.3745198870623085
0.6316125832776512
0.49895204589659325
1.027380699452409
0.26785783854175804
1.375605260505516
0.3683452122969945
1.5221739836926806
0.7806388166531403
1.221277647474977
0.9092746541909253
0.7276080848492671
0.8752099834889859
1.2587613743871295
0.48203859679191113
1.4263238533652838
0.9937382022860338
0.35334006109429444
1.3183436111112472
0.36092560827869885
0.08339860118598684
0.6008323472347359
1.283479404997119
0.6972530039560677
1.2620166806434197
2.3397638954071924
0.8075009752377849
1.6401231414661395
1.1895660559962216
0.9854862181953524
0.6568160308414527
1.4938594897922404
1.2110883308060014
0.42489862940457906
1.521523783353379
1.287588862044015
0.5629420058692342
0.7084770337638108
0.7437383718075523
0.5735820149264665
0.3853142452028972
1.7476635355669252
0.4050515248160055
0.6982874559927126
0.6474833355628649
1.201436413164553
0.4837681357786039
1.0036231764912669
0.6662936832930398
0.6561465324051303
1.232186230710809
1.3112841415416898
1.1756086965883485
0.8755918697387124
0.4895419863095448
0.4210808391943597
1.0553624563161936
1.273950849632926
0.7865745957463418
1.1426301724549166
0.6606996392858396
0.8309505224409556
1.3460046174970535
0.6018041168504732
0.7830022392119921
0.792293636822957
1.1695502757851268
0.4429903760872045
1.0211428712614512
0.5860932070846525
0.389122746295858
1.54490850069667
0.8687201228044935
0.3748811391189283
0.2912755650778929
1.2461237370845248
0.7332768745601163
1.8839613450180237
0.23514531581241613
0.16225152141502952
2.3843520799091436
0.32210289383137847
1.5944305165900248
0.22001449005495083
1.2266353346869214
0.28893139242027893
1.2590787345988255
1.3937018600557898
1.203770653597843
2.051104434145791
1.3111570944131423
1.7945624295653875
0.9584867654537493
0.04411099598087032
1.877765458983494
0.9087305982764529
1.3828489928502519
0.2724701641396784
1.2225595761153978
0.7873859942093641
0.3515468521946275
1.271305850377694
1.771951712386595
1.274681436152155
2.202202999171871
0.3545779585376772
1.4281519862723782
0.6171036473956634
0.3105605353310369
0.8285572473249339
1.4355500665235663
1.4978649005168476
1.12306712536391
0.6712264532997084
2.025424383519682
0.6073567340759499
0.8562687226460031
0.8565763906572479
0.4865106335446137
0.08825035241077524
1.1257062077232176
0.4840868708295175
0.610187590151292
0.19835992258425983
0.7646930250623295
0.7233091976608346
0.5597414370691901
1.114075698268393
0.6143834188276196
0.7637832062061872
0.1200386787643503
1.2184363145589703
1.190295439066414
0.6908165128582916
1.4496703021297181
0.5048543375614055
0.3271597453761393
0.9668875867027038
0.8344901796324931
0.28563100913989004
2.212105771590924
1.7336916356755705
0.6971732342186321
0.8737903880746123
0.6829904320916619
0.5895111088543645
1.3153929030213674
0.4565414334018343
0.40427748966232613
0.5081060852651617
0.45319998962041214
1.2375582120590725
1.199881472014999
1.2618759429116393
1.292896460561805
1.7061545694262168
0.5083064541972846
0.6919507561572674
1.230199888413035
0.9186895272925341
0.18113287401799047
0.6056496708195976
0.2989929856570279
0.6638725898796556
1.8290911413526039
0.27833610919072155
0.33935996698594295
1.7552872214638644
0.11241441599696675
0.22835663980941937
0.48539763750533393
1.3949234589473274
1.2313753662176812
0.8675632922937525
0.2915638070396611
0.6372723497905224
1.3040569444055885
1.2096572769397262
0.9756111525004642
0.8087375296652607
0.6974973591645655
1.4601698268418084
0.39824093975947816
1.251774108459305
0.8257121089378796
0.2968190498393595
0.43056162950088
2.3413924360963683
0.7079953242594799
0.8073415341449329
0.8503826091637033
1.5940518571506488
0.5393524688371139
0.22686900013332603
1.944364448577888
0.6145738533757835
1.1128425016308061
0.9983109851602815
0.30621087031725747
1.4051618075588734
0.27957869660142914
0.9175117908223589
0.1606459431001362
1.7151631022081228
0.9853043570600308
0.26644055261663374
1.2745906239540346
0.191613011874087
0.70441710869413
1.136034305981035
0.7090639443942167
0.3678198653122216
0.8321394010834642
1.4264815422970911
1.352064283037474
0.7627767121471399
0.2958954940104991
1.4709875948682734
1.0330078164217786
0.9796157974393568
1.3976656539901904
0.6723633062682626
0.504311603296239
1.4912095284503457
1.1326496660255814
1.578513751243198
1.4131860576919826
0.46598212070533784
1.8424470512112356
1.5008744326593761
0.30219438527413417
0.36552346229807026
1.2201570154784611
0.1468319184512125
1.922661974825217
0.2514936582643812
0.7974410325677921
1.4702239540339161
0.7048703218219673
1.773587508453515
0.1134314988072223
0.9087425142134841
0.48030862632812943
0.8228730343867503
2.609016487343439
1.2902445223036472
1.3926262030873664
0.7656670659613343
1.4159107722722906
1.7269212842703519
0.20875769278107462
0.3474222681343666
0.511918384359567
0.34420875843191284
1.4756025322069208
1.4096916571650497
0.5427926076505484
0.8607173155440675
0.4422982059899343
1.0792086816599022
0.45666844180762656
1.3430074361741462
0.929777834489563
0.4570873063255833
1.1092791004469014
1.0799818694920522
0.6049961879274194
0.8557877415783235
0.45005720427868584
0.9898915755478153
2.1189782566137763
1.3239541041606695
0.7442323982250169
1.4334196792720482
1.440836054611674
0.9764059463064856
0.9250114745108995
1.4532884680838651
0.05116182002479789
0.8074178095926297
0.8687648440656979
1.0185873980397802
0.9928279046386416
0.38050329123288323
1.5319704408067167
1.3304891689995586
0.2356501076862167
0.2735492548687398
0.5245747924739944
1.4806822066053826
0.8558549053178065
1.1119176007252405
0.7881177438957598
0.9260296817444349
0.67775657851457
1.3176419534543469
1.618217840464264
1.058868806595797
0.9943297968864215
1.0376242050888818
1.0936000568853907
0.1613868861202154
0.6718998850809488
1.1187395449355544
0.8391033983332314
1.018667281215525
1.2073699590061713
1.3873101994222803
0.6280457730885917
0.3271087076169111
1.0019665409023695
0.5183117371983333
0.9264562518869792
0.7648748533978372
2.002444936528587
0.7963242111320458
2.116904300738737
1.4858379599337643
1.3757544118524143
0.6836926952943048
1.1402571420759027
0.4699490822635243
0.580614250877901
1.4703290216843539
0.9189691786295459
1.5920930312072885
1.3419842512648643
1.4819158373490966
0.033155597129326676
0.37661673017982417
0.7108383280453049
0.9730621501108948
1.0511287467103558
1.2444278926643686
0.7507793962872773
1.680219151212296
1.1415477080146474
1.3590860955015076
1.1693675767878753
0.8618438784852827
0.3191320609441712
0.3679545772699728
0.4044113039534502
1.2498246933767074
1.3134400242725097
0.6165633796596096
0.8690503828084836
1.1333182493402443
0.5645103612691286
0.43716150725243025
0.3794543219242337
0.8582786815073118
1.5238850184272532
0.7638588004545129
1.0946565714533238
0.46272368149120785
1.225725490515663
0.9843293314400828
1.4262651201386858
0.6127812772195262
0.7038698724312814
0.4754948834795761
0.9583216765860655
1.6159393865286036
1.3795180892773955
1.645094015310476
0.36135913513681095
3.3845194844176354
0.3435880276034095
1.2111829963422378
1.6978060726722772
1.2684732830270156
0.3199321969356933
2.0282635385636376
1.00236702195472
0.8230588172038806
0.3340831939181981
0.2953730187359017
0.5747113961440289
1.0162031704455468
1.4160081004267167
0.7510502423037725
0.22599780537893582
0.7411315437830659
0.5128597208669576
0.5846373205091244
0.9723996973354977
0.7738865355282815
0.9809930368497058
0.7781276560900788
0.22874538255758609
0.7416797092863926
0.4937978223884163
1.2897689521168874
0.7127916242408561
0.7140813862934704
0.5049424042869384
1.3035159804739247
1.2747992197188778
1.0546876687465216
0.866949981945439
0.7424220401028438
0.7701691120914214
0.7713015477156338
1.073740097602478
0.39158867928236896
0.5348802230968953
0.2348711018513923
1.03546919242843
0.9779628797387657
0.9549538156433315
1.3350157712599784
0.8202578186381829
0.7190417258545909
0.9887166885503226
0.6332725560154181
0.3843816178936172
0.5106818976221186
0.6381064469342426
1.2847837381597558
0.41925171385795906
0.2023986944954791
0.8550665946816608
1.6800265430462686
0.38195420885411185
2.136916135318821
1.1333737184279742
0.8447269871897578
0.5328111897581065
0.26138466114631176
1.0193984087814514
0.3532803154673563
0.32620454789566405
1.2201774484889785
0.262352154667134
3.2514636327428414
1.6646759647789906
0.777437290692472
0.566499301396756
1.2976749837419226
0.5008874496007514
0.47952623885959883
0.6406931943768986
0.7968814242379235
1.1843409175391542
0.4431109662416888
0.3268743764507994
0.5423395273184283
0.4356841511100822
1.3389451148510592
1.0419834919729354
0.7001010765526005
0.5589029763035768
0.6297347614447213
0.7217876761411016
2.6860396993694664
0.7928540342469165
0.5378686912696325
1.016370714146227
1.3206839582411933
1.7898515512188014
0.7415930365960853
1.0331644411270366
0.9067194811782558
0.9796207912251348
1.2145723102183732
1.8748909735620518
0.641306816376554
1.5402743775066445
1.2884612461531082
1.1546
